# (1)t (2)P_1 (3)P_2 (4)P_3 (5)P_4 (6)P_5 (7)P_6 (8)P_7 (9)trace (10)purity (11)vonNeumann_entropy 
0.0	0.0	0.0	0.0	0.0	0.0	0.0	0.0	0.0	0.0	NaN
1.0	0.0	0.0	0.0	0.0	0.0	0.0	0.0	0.0	0.0	2.800833554e-21
2.0	0.0	0.0	0.0	0.0	0.0	0.0	0.0	0.0	0.0	-5.276750564e-20
3.0	0.0	0.0	0.0	0.0	0.0	0.0	0.0	0.0	0.0	1.747005454e-20
4.0	0.0	0.0	0.0	0.0	0.0	0.0	0.0	0.0	0.0	3.04931861e-20
5.0	0.0	0.0	0.0	0.0	0.0	0.0	0.0	0.0	0.0	9.867933836e-19
6.0	0.0	0.0	0.0	0.0	0.0	0.0	0.0	0.0	0.0	2.846030703e-19
7.0	0.0	0.0	0.0	0.0	0.0	0.0	0.0	0.0	0.0	8.470329473000001e-19
8.0	0.0	0.0	0.0	0.0	0.0	0.0	0.0	0.0	0.0	-1.680513367e-18
9.0	0.0	0.0	0.0	0.0	0.0	0.0	0.0	0.0	0.0	-5.895349313e-19
10.0	0.0	0.0	0.0	0.0	0.0	0.0	0.0	0.0	0.0	8.131516294e-19
11.0	0.0	0.0	0.0	0.0	0.0	0.0	0.0	0.0	0.0	-6.044427112e-18
12.0	0.0	0.0	0.0	0.0	0.0	0.0	0.0	0.0	0.0	8.036648604e-18
13.0	0.0	0.0	0.0	0.0	0.0	0.0	0.0	0.0	0.0	6.586528198e-18
14.0	0.0	0.0	0.0	0.0	0.0	0.0	0.0	0.0	0.0	1.680513367e-18
15.0	0.0	0.0	0.0	0.0	0.0	0.0	0.0	0.0	0.0	1.241411487e-17
16.0	0.0	0.0	0.0	0.0	0.0	0.0	0.0	0.0	0.0	-1.544988096e-17
17.0	0.0	0.0	0.0	0.0	0.0	0.0	0.0	0.0	0.0	-2.520770051e-18
18.0	0.0	0.0	0.0	0.0	0.0	0.0	0.0	0.0	0.0	5.366800754e-18
19.0	0.0	0.0	0.0	0.0	0.0	0.0	0.0	0.0	0.0	2.932766877e-17
20.0	0.0	0.0	0.0	0.0	0.0	0.0	0.0	0.0	0.0	1.729302465e-17
21.0	0.0	0.0	0.0	0.0	0.0	0.0	0.0	0.0	0.0	1.31730564e-17
22.0	0.0	0.0	0.0	0.0	0.0	0.0	0.0	0.0	0.0	6.071532166e-18
23.0	0.0	0.0	0.0	0.0	0.0	0.0	0.0	0.0	0.0	-2.168404345e-19
24.0	0.0	0.0	0.0	0.0	0.0	0.0	0.0	0.0	0.0	2.5804011709999998e-17
25.0	0.0	0.0	0.0	0.0	0.0	0.0	0.0	0.0	0.0	3.8706017559999997e-17
26.0	0.0	0.0	0.0	0.0	0.0	0.0	0.0	0.0	0.0	7.914675859e-18
27.0	0.0	0.0	0.0	0.0	0.0	0.0	0.0	0.0	0.0	1.5612511279999998e-17
28.0	0.0	0.0	0.0	0.0	0.0	0.0	0.0	0.0	0.0	1.2576745199999999e-17
29.0	0.0	0.0	0.0	0.0	0.0	0.0	0.0	0.0	0.0	7.372574773e-18
30.0	0.0	0.0	0.0	0.0	0.0	0.0	0.0	0.0	0.0	1.279358564e-17
31.0	0.0	0.0	0.0	0.0	0.0	0.0	0.0	0.0	0.0	1.3227266499999999e-17
32.0	0.0	0.0	0.0	0.0	0.0	0.0	0.0	0.0	0.0	4.466912951e-17
33.0	0.0	0.0	0.0	0.0	0.0	0.0	0.0	0.0	0.0	5.247538515e-17
34.0	0.0	0.0	0.0	0.0	0.0	0.0	0.0	0.0	0.0	2.341876693e-17
35.0	0.0	0.0	0.0	0.0	0.0	0.0	0.0	0.0	0.0	-2.428612866e-17
36.0	0.0	0.0	0.0	0.0	0.0	0.0	0.0	0.0	0.0	-3.122502257e-17
37.0	0.0	0.0	0.0	0.0	0.0	0.0	0.0	0.0	0.0	-4.5753331679999996e-17
38.0	0.0	0.0	0.0	0.0	0.0	0.0	0.0	0.0	0.0	3.035766083e-17
39.0	0.0	0.0	0.0	0.0	0.0	0.0	0.0	0.0	0.0	3.794707604e-18
40.0	0.0	0.0	0.0	0.0	0.0	0.0	0.0	0.0	0.0	-1.496198998e-17
41.0	0.0	0.0	0.0	0.0	0.0	0.0	0.0	0.0	0.0	-1.9502086579999998e-17
42.0	0.0	0.0	0.0	0.0	0.0	0.0	0.0	0.0	0.0	6.407634839e-17
43.0	0.0	0.0	0.0	0.0	0.0	0.0	0.0	0.0	0.0	-2.309350627e-17
44.0	0.0	0.0	0.0	0.0	0.0	0.0	0.0	0.0	0.0	1.073360151e-17
45.0	0.0	0.0	0.0	0.0	0.0	0.0	0.0	0.0	0.0	3.7513395169999997e-17
46.0	0.0	0.0	0.0	0.0	0.0	0.0	0.0	0.0	0.0	-4.553649124e-18
47.0	0.0	0.0	0.0	0.0	0.0	0.0	0.0	0.0	0.0	-5.1608023409999995e-17
48.0	0.0	0.0	0.0	0.0	0.0	0.0	0.0	0.0	0.0	-4.250072516e-17
49.0	0.0	0.0	0.0	0.0	0.0	0.0	0.0	0.0	0.0	-4.770489559e-18
50.0	0.0	0.0	0.0	0.0	0.0	0.0	0.0	0.0	0.0	4.33680869e-19
51.0	0.0	0.0	0.0	0.0	0.0	0.0	0.0	0.0	0.0	3.426078865e-17
52.0	0.0	0.0	0.0	0.0	0.0	0.0	0.0	0.0	0.0	4.510281038e-17
53.0	0.0	0.0	0.0	0.0	0.0	0.0	0.0	0.0	0.0	1.214306433e-17
54.0	0.0	0.0	0.0	0.0	0.0	0.0	0.0	0.0	0.0	-1.778091563e-17
55.0	0.0	0.0	0.0	0.0	0.0	0.0	0.0	0.0	0.0	-2.602085214e-18
56.0	0.0	0.0	0.0	0.0	0.0	0.0	0.0	0.0	0.0	-2.168404345e-18
57.0	0.0	0.0	0.0	0.0	0.0	0.0	0.0	0.0	0.0	4.3801767769999996e-17
58.0	0.0	0.0	0.0	0.0	0.0	0.0	0.0	0.0	0.0	7.806255642e-18
59.0	0.0	0.0	0.0	0.0	0.0	0.0	0.0	0.0	0.0	3.295974604e-17
60.0	0.0	0.0	0.0	0.0	0.0	0.0	0.0	0.0	0.0	2.298508606e-17
61.0	0.0	0.0	0.0	0.0	0.0	0.0	0.0	0.0	0.0	1.084202172e-17
62.0	0.0	0.0	0.0	0.0	0.0	0.0	0.0	0.0	0.0	1.344410694e-17
63.0	0.0	0.0	0.0	0.0	0.0	0.0	0.0	0.0	0.0	-1.4745149549999998e-17
64.0	0.0	0.0	0.0	0.0	0.0	0.0	0.0	0.0	0.0	4.33680869e-18
65.0	0.0	0.0	0.0	0.0	0.0	0.0	0.0	0.0	0.0	1.084202172e-17
66.0	0.0	0.0	0.0	0.0	0.0	0.0	0.0	0.0	0.0	1.0408340859999999e-17
67.0	0.0	0.0	0.0	0.0	0.0	0.0	0.0	0.0	0.0	6.722053469e-18
68.0	0.0	0.0	0.0	0.0	0.0	0.0	0.0	0.0	0.0	1.908195824e-17
69.0	0.0	0.0	0.0	0.0	0.0	0.0	0.0	0.0	0.0	2.385244779e-18
70.0	0.0	0.0	0.0	0.0	0.0	0.0	0.0	0.0	0.0	8.239936511e-18
71.0	0.0	0.0	0.0	0.0	0.0	0.0	0.0	0.0	0.0	8.67361738e-19
72.0	0.0	0.0	0.0	0.0	0.0	0.0	0.0	0.0	0.0	2.385244779e-18
73.0	0.0	0.0	0.0	0.0	0.0	0.0	0.0	0.0	0.0	8.239936511e-18
74.0	0.0	0.0	0.0	0.0	0.0	0.0	0.0	0.0	0.0	4.553649124e-18
75.0	0.0	0.0	0.0	0.0	0.0	0.0	0.0	0.0	0.0	-5.204170428e-18
76.0	0.0	0.0	0.0	0.0	0.0	0.0	0.0	0.0	0.0	-6.884683795e-18
77.0	0.0	0.0	0.0	0.0	0.0	0.0	0.0	0.0	0.0	-2.913793339e-18
78.0	0.0	0.0	0.0	0.0	0.0	0.0	0.0	0.0	0.0	-5.841139204e-18
79.0	0.0	0.0	0.0	0.0	0.0	0.0	0.0	0.0	0.0	5.746271514e-18
80.0	0.0	0.0	0.0	0.0	0.0	0.0	0.0	0.0	0.0	-1.301042607e-18
81.0	0.0	0.0	0.0	0.0	0.0	0.0	0.0	0.0	0.0	-7.589415207e-19
82.0	0.0	0.0	0.0	0.0	0.0	0.0	0.0	0.0	0.0	-3.903127821e-18
83.0	0.0	0.0	0.0	0.0	0.0	0.0	0.0	0.0	0.0	-5.854691731e-18
84.0	0.0	0.0	0.0	0.0	0.0	0.0	0.0	0.0	0.0	-3.686287386e-18
85.0	0.0	0.0	0.0	0.0	0.0	0.0	0.0	0.0	0.0	-4.33680869e-19
86.0	0.0	0.0	0.0	0.0	0.0	0.0	0.0	0.0	0.0	1.2576745199999999e-17
87.0	0.0	0.0	0.0	0.0	0.0	0.0	0.0	0.0	0.0	-0.0
88.0	0.0	0.0	0.0	0.0	0.0	0.0	0.0	0.0	0.0	-4.553649124e-18
89.0	0.0	0.0	0.0	0.0	0.0	0.0	0.0	0.0	0.0	-1.127570259e-17
90.0	0.0	0.0	0.0	0.0	0.0	0.0	0.0	0.0	0.0	-3.903127821e-18
91.0	0.0	0.0	0.0	0.0	0.0	0.0	0.0	0.0	0.0	6.505213035e-18
92.0	0.0	0.0	0.0	0.0	0.0	0.0	0.0	0.0	0.0	3.035766083e-18
93.0	0.0	0.0	0.0	0.0	0.0	0.0	0.0	0.0	0.0	-1.0408340859999999e-17
94.0	0.0	0.0	0.0	0.0	0.0	0.0	0.0	0.0	0.0	-5.204170428e-18
95.0	0.0	0.0	0.0	0.0	0.0	0.0	0.0	0.0	0.0	8.890457814e-18
96.0	0.0	0.0	0.0	0.0	0.0	0.0	0.0	0.0	0.0	3.794707604e-18
97.0	0.0	0.0	0.0	0.0	0.0	0.0	0.0	0.0	0.0	1.029992064e-17
98.0	0.0	0.0	0.0	0.0	0.0	0.0	0.0	0.0	0.0	5.963111949e-18
99.0	0.0	0.0	0.0	0.0	0.0	0.0	0.0	0.0	0.0	-4.770489559e-18
100.0	0.0	0.0	0.0	0.0	0.0	0.0	0.0	0.0	0.0	1.547698601e-17
101.0	0.0	0.0	0.0	0.0	0.0	0.0	0.0	0.0	0.0	1.070649645e-18
102.0	0.0	0.0	0.0	0.0	0.0	0.0	0.0	0.0	0.0	9.188613412e-18
103.0	0.0	0.0	0.0	0.0	0.0	0.0	0.0	0.0	0.0	-1.596487699e-17
104.0	0.0	0.0	0.0	0.0	0.0	0.0	0.0	0.0	0.0	4.662069342e-18
105.0	0.0	0.0	0.0	0.0	0.0	0.0	0.0	0.0	0.0	-2.114194236e-18
106.0	0.0	0.0	0.0	0.0	0.0	0.0	0.0	0.0	0.0	-6.993104012999999e-18
107.0	0.0	0.0	0.0	0.0	0.0	0.0	0.0	0.0	0.0	-2.157562323e-17
108.0	0.0	0.0	0.0	0.0	0.0	0.0	0.0	0.0	0.0	-9.757819552e-19
109.0	0.0	0.0	0.0	0.0	0.0	0.0	0.0	0.0	0.0	9.215718466e-18
110.0	0.0	0.0	0.0	0.0	0.0	0.0	0.0	0.0	0.0	6.179952383e-18
111.0	0.0	0.0	0.0	0.0	0.0	0.0	0.0	0.0	0.0	-1.149254303e-17
112.0	0.0	0.0	0.0	0.0	0.0	0.0	0.0	0.0	0.0	-3.1441862999999998e-18
113.0	0.0	0.0	0.0	0.0	0.0	0.0	0.0	0.0	0.0	2.818925648e-18
114.0	0.0	0.0	0.0	0.0	0.0	0.0	0.0	0.0	0.0	7.914675859e-18
115.0	0.0	0.0	0.0	0.0	0.0	0.0	0.0	0.0	0.0	-5.204170428e-18
116.0	0.0	0.0	0.0	0.0	0.0	0.0	0.0	0.0	0.0	-5.854691731e-18
117.0	0.0	0.0	0.0	0.0	0.0	0.0	0.0	0.0	0.0	1.1167282379999999e-17
118.0	0.0	0.0	0.0	0.0	0.0	0.0	0.0	0.0	0.0	-3.469446952e-18
119.0	0.0	0.0	0.0	0.0	0.0	0.0	0.0	0.0	0.0	7.806255642e-18
120.0	0.0	0.0	0.0	0.0	0.0	0.0	0.0	0.0	0.0	5.204170428e-18
121.0	0.0	0.0	0.0	0.0	0.0	0.0	0.0	0.0	0.0	-8.67361738e-19
122.0	0.0	0.0	0.0	0.0	0.0	0.0	0.0	0.0	0.0	-5.854691731e-18
123.0	0.0	0.0	0.0	0.0	0.0	0.0	0.0	0.0	0.0	-4.33680869e-19
124.0	0.0	0.0	0.0	0.0	0.0	0.0	0.0	0.0	0.0	3.469446952e-18
125.0	0.0	0.0	0.0	0.0	0.0	0.0	0.0	0.0	0.0	-1.301042607e-18
126.0	0.0	0.0	0.0	0.0	0.0	0.0	0.0	0.0	0.0	-2.493664997e-18
127.0	0.0	0.0	0.0	0.0	0.0	0.0	0.0	0.0	0.0	-6.2883725999999996e-18
128.0	0.0	0.0	0.0	0.0	0.0	0.0	0.0	0.0	0.0	5.095750211e-18
129.0	0.0	0.0	0.0	0.0	0.0	0.0	0.0	0.0	0.0	1.9515639099999998e-18
130.0	0.0	0.0	0.0	0.0	0.0	0.0	0.0	0.0	0.0	2.059984128e-18
131.0	0.0	0.0	0.0	0.0	0.0	0.0	0.0	0.0	0.0	3.1441862999999998e-18
132.0	0.0	0.0	0.0	0.0	0.0	0.0	0.0	0.0	0.0	-4.987329993e-18
133.0	0.0	0.0	0.0	0.0	0.0	0.0	0.0	0.0	0.0	1.517883041e-18
134.0	0.0	0.0	0.0	0.0	0.0	0.0	0.0	0.0	0.0	4.33680869e-18
135.0	0.0	0.0	0.0	0.0	0.0	0.0	0.0	0.0	0.0	-2.276824562e-18
136.0	0.0	0.0	0.0	0.0	0.0	0.0	0.0	0.0	0.0	-1.734723476e-18
137.0	0.0	0.0	0.0	0.0	0.0	0.0	0.0	0.0	0.0	1.9515639099999998e-18
138.0	0.0	0.0	0.0	0.0	0.0	0.0	0.0	0.0	0.0	2.981555974e-18
139.0	0.0	0.0	0.0	0.0	0.0	0.0	0.0	0.0	0.0	4.228388473e-18
140.0	0.0	0.0	0.0	0.0	0.0	0.0	0.0	0.0	0.0	-5.4210108620000006e-20
141.0	0.0	0.0	0.0	0.0	0.0	0.0	0.0	0.0	0.0	3.632077278e-18
142.0	0.0	0.0	0.0	0.0	0.0	0.0	0.0	0.0	0.0	1.734723476e-18
143.0	0.0	0.0	0.0	0.0	0.0	0.0	0.0	0.0	0.0	1.029992064e-18
144.0	0.0	0.0	0.0	0.0	0.0	0.0	0.0	0.0	0.0	-7.860465751e-19
145.0	0.0	0.0	0.0	0.0	0.0	0.0	0.0	0.0	0.0	-7.4538899360000005e-19
146.0	0.0	0.0	0.0	0.0	0.0	0.0	0.0	0.0	0.0	-1.579716447e-19
147.0	0.0	0.0	0.0	0.0	0.0	0.0	0.0	0.0	0.0	2.846030703e-19
148.0	0.0	0.0	0.0	0.0	0.0	0.0	0.0	0.0	0.0	2.425902361e-18
149.0	0.0	0.0	0.0	0.0	0.0	0.0	0.0	0.0	0.0	-2.249719508e-18
150.0	0.0	0.0	0.0	0.0	0.0	0.0	0.0	0.0	0.0	-6.2341624920000005e-19
151.0	0.0	0.0	0.0	0.0	0.0	0.0	0.0	0.0	0.0	6.2341624920000005e-19
152.0	0.0	0.0	0.0	0.0	0.0	0.0	0.0	0.0	0.0	-3.252606517e-19
153.0	0.0	0.0	0.0	0.0	0.0	0.0	0.0	0.0	0.0	1.626303259e-19
154.0	0.0	0.0	0.0	0.0	0.0	0.0	0.0	0.0	0.0	-3.198396409e-18
155.0	0.0	0.0	0.0	0.0	0.0	0.0	0.0	0.0	0.0	-3.1441862999999998e-18
156.0	0.0	0.0	0.0	0.0	0.0	0.0	0.0	0.0	0.0	-8.67361738e-19
157.0	0.0	0.0	0.0	0.0	0.0	0.0	0.0	0.0	0.0	2.059984128e-18
158.0	0.0	0.0	0.0	0.0	0.0	0.0	0.0	0.0	0.0	-4.33680869e-19
159.0	0.0	0.0	0.0	0.0	0.0	0.0	0.0	0.0	0.0	7.589415207e-19
160.0	0.0	0.0	0.0	0.0	0.0	0.0	0.0	0.0	0.0	1.409462824e-18
161.0	0.0	0.0	0.0	0.0	0.0	0.0	0.0	0.0	0.0	-2.818925648e-18
162.0	0.0	0.0	0.0	0.0	0.0	0.0	0.0	0.0	0.0	-1.843143693e-18
163.0	0.0	0.0	0.0	0.0	0.0	0.0	0.0	0.0	0.0	-0.0
164.0	0.0	0.0	0.0	0.0	0.0	0.0	0.0	0.0	0.0	2.818925648e-18
165.0	0.0	0.0	0.0	0.0	0.0	0.0	0.0	0.0	0.0	-6.505213035e-18
166.0	0.0	0.0	0.0	0.0	0.0	0.0	0.0	0.0	0.0	-3.469446952e-18
167.0	0.0	0.0	0.0	0.0	0.0	0.0	0.0	0.0	0.0	2.168404345e-18
168.0	0.0	0.0	0.0	0.0	0.0	0.0	0.0	0.0	0.0	-2.385244779e-18
169.0	0.0	0.0	0.0	0.0	0.0	0.0	0.0	0.0	0.0	-4.33680869e-19
170.0	0.0	0.0	0.0	0.0	0.0	0.0	0.0	0.0	0.0	-5.854691731e-18
171.0	0.0	0.0	0.0	0.0	0.0	0.0	0.0	0.0	0.0	-1.301042607e-18
172.0	0.0	0.0	0.0	0.0	0.0	0.0	0.0	0.0	0.0	-6.505213035000001e-19
173.0	0.0	0.0	0.0	0.0	0.0	0.0	0.0	0.0	0.0	3.252606517e-18
174.0	0.0	0.0	0.0	0.0	0.0	0.0	0.0	0.0	0.0	2.385244779e-18
175.0	0.0	0.0	0.0	0.0	0.0	0.0	0.0	0.0	0.0	4.553649124e-18
176.0	0.0	0.0	0.0	0.0	0.0	0.0	0.0	0.0	0.0	-8.67361738e-19
177.0	0.0	0.0	0.0	0.0	0.0	0.0	0.0	0.0	0.0	-3.252606517e-18
178.0	0.0	0.0	0.0	0.0	0.0	0.0	0.0	0.0	0.0	-1.301042607e-18
179.0	0.0	0.0	0.0	0.0	0.0	0.0	0.0	0.0	0.0	-4.987329993e-18
180.0	0.0	0.0	0.0	0.0	0.0	0.0	0.0	0.0	0.0	-1.301042607e-18
181.0	0.0	0.0	0.0	0.0	0.0	0.0	0.0	0.0	0.0	-2.602085214e-18
182.0	0.0	0.0	0.0	0.0	0.0	0.0	0.0	0.0	0.0	-1.084202172e-18
183.0	0.0	0.0	0.0	0.0	0.0	0.0	0.0	0.0	0.0	8.67361738e-19
184.0	0.0	0.0	0.0	0.0	0.0	0.0	0.0	0.0	0.0	-4.987329993e-18
185.0	0.0	0.0	0.0	0.0	0.0	0.0	0.0	0.0	0.0	-2.385244779e-18
186.0	0.0	0.0	0.0	0.0	0.0	0.0	0.0	0.0	0.0	-5.854691731e-18
187.0	0.0	0.0	0.0	0.0	0.0	0.0	0.0	0.0	0.0	-4.33680869e-19
188.0	0.0	0.0	0.0	0.0	0.0	0.0	0.0	0.0	0.0	-4.33680869e-19
189.0	0.0	0.0	0.0	0.0	0.0	0.0	0.0	0.0	0.0	-8.456776945e-18
190.0	0.0	0.0	0.0	0.0	0.0	0.0	0.0	0.0	0.0	1.517883041e-18
191.0	0.0	0.0	0.0	0.0	0.0	0.0	0.0	0.0	0.0	-3.469446952e-18
192.0	0.0	0.0	0.0	0.0	0.0	0.0	0.0	0.0	0.0	-1.9515639099999998e-18
193.0	0.0	0.0	0.0	0.0	0.0	0.0	0.0	0.0	0.0	-4.33680869e-18
194.0	0.0	0.0	0.0	0.0	0.0	0.0	0.0	0.0	0.0	-3.252606517e-18
195.0	0.0	0.0	0.0	0.0	0.0	0.0	0.0	0.0	0.0	-0.0
196.0	0.0	0.0	0.0	0.0	0.0	0.0	0.0	0.0	0.0	-3.035766083e-18
197.0	0.0	0.0	0.0	0.0	0.0	0.0	0.0	0.0	0.0	-4.33680869e-19
198.0	0.0	0.0	0.0	0.0	0.0	0.0	0.0	0.0	0.0	-8.67361738e-19
199.0	0.0	0.0	0.0	0.0	0.0	0.0	0.0	0.0	0.0	3.903127821e-18
200.0	0.0	0.0	0.0	0.0	0.0	0.0	0.0	0.0	0.0	5.854691731e-18
201.0	0.0	0.0	0.0	0.0	0.0	0.0	0.0	0.0	0.0	5.637851297e-18
202.0	0.0	0.0	0.0	0.0	0.0	0.0	0.0	0.0	0.0	2.168404345e-19
203.0	0.0	0.0	0.0	0.0	0.0	0.0	0.0	0.0	0.0	-4.770489559e-18
204.0	0.0	0.0	0.0	0.0	0.0	0.0	0.0	0.0	0.0	3.252606517e-18
205.0	0.0	0.0	0.0	0.0	0.0	0.0	0.0	0.0	0.0	-3.035766083e-18
206.0	0.0	0.0	0.0	0.0	0.0	0.0	0.0	0.0	0.0	4.33680869e-19
207.0	0.0	0.0	0.0	0.0	0.0	0.0	0.0	0.0	0.0	2.602085214e-18
208.0	0.0	0.0	0.0	0.0	0.0	0.0	0.0	0.0	0.0	-4.33680869e-18
209.0	0.0	0.0	0.0	0.0	0.0	0.0	0.0	0.0	0.0	4.33680869e-18
210.0	0.0	0.0	0.0	0.0	0.0	0.0	0.0	0.0	0.0	1.9515639099999998e-18
211.0	0.0	0.0	0.0	0.0	0.0	0.0	0.0	0.0	0.0	-2.602085214e-18
212.0	0.0	0.0	0.0	0.0	0.0	0.0	0.0	0.0	0.0	-1.084202172e-18
213.0	0.0	0.0	0.0	0.0	0.0	0.0	0.0	0.0	0.0	3.903127821e-18
214.0	0.0	0.0	0.0	0.0	0.0	0.0	0.0	0.0	0.0	1.517883041e-18
215.0	0.0	0.0	0.0	0.0	0.0	0.0	0.0	0.0	0.0	2.168404345e-18
216.0	0.0	0.0	0.0	0.0	0.0	0.0	0.0	0.0	0.0	-1.301042607e-18
217.0	0.0	0.0	0.0	0.0	0.0	0.0	0.0	0.0	0.0	4.33680869e-19
218.0	0.0	0.0	0.0	0.0	0.0	0.0	0.0	0.0	0.0	-3.686287386e-18
219.0	0.0	0.0	0.0	0.0	0.0	0.0	0.0	0.0	0.0	3.035766083e-18
220.0	0.0	0.0	0.0	0.0	0.0	0.0	0.0	0.0	0.0	-4.33680869e-19
221.0	0.0	0.0	0.0	0.0	0.0	0.0	0.0	0.0	0.0	4.33680869e-18
222.0	0.0	0.0	0.0	0.0	0.0	0.0	0.0	0.0	0.0	-0.0
223.0	0.0	0.0	0.0	0.0	0.0	0.0	0.0	0.0	0.0	-2.168404345e-18
224.0	0.0	0.0	0.0	0.0	0.0	0.0	0.0	0.0	0.0	-8.67361738e-19
225.0	0.0	0.0	0.0	0.0	0.0	0.0	0.0	0.0	0.0	1.084202172e-18
226.0	0.0	0.0	0.0	0.0	0.0	0.0	0.0	0.0	0.0	4.33680869e-19
227.0	0.0	0.0	0.0	0.0	0.0	0.0	0.0	0.0	0.0	-1.517883041e-18
228.0	0.0	0.0	0.0	0.0	0.0	0.0	0.0	0.0	0.0	1.517883041e-18
229.0	0.0	0.0	0.0	0.0	0.0	0.0	0.0	0.0	0.0	-1.029992064e-18
230.0	0.0	0.0	0.0	0.0	0.0	0.0	0.0	0.0	0.0	-2.073536655e-18
231.0	0.0	0.0	0.0	0.0	0.0	0.0	0.0	0.0	0.0	-1.057097118e-18
232.0	0.0	0.0	0.0	0.0	0.0	0.0	0.0	0.0	0.0	3.577867169e-18
233.0	0.0	0.0	0.0	0.0	0.0	0.0	0.0	0.0	0.0	-2.602085214e-18
234.0	0.0	0.0	0.0	0.0	0.0	0.0	0.0	0.0	0.0	2.168404345e-19
235.0	0.0	0.0	0.0	0.0	0.0	0.0	0.0	0.0	0.0	-1.734723476e-18
236.0	0.0	0.0	0.0	0.0	0.0	0.0	0.0	0.0	0.0	-1.734723476e-18
237.0	0.0	0.0	0.0	0.0	0.0	0.0	0.0	0.0	0.0	4.011548038e-18
238.0	0.0	0.0	0.0	0.0	0.0	0.0	0.0	0.0	0.0	4.33680869e-19
239.0	0.0	0.0	0.0	0.0	0.0	0.0	0.0	0.0	0.0	-0.0
240.0	0.0	0.0	0.0	0.0	0.0	0.0	0.0	0.0	0.0	-1.517883041e-18
241.0	0.0	0.0	0.0	0.0	0.0	0.0	0.0	0.0	0.0	-1.301042607e-18
242.0	0.0	0.0	0.0	0.0	0.0	0.0	0.0	0.0	0.0	-1.409462824e-18
243.0	0.0	0.0	0.0	0.0	0.0	0.0	0.0	0.0	0.0	7.589415207e-19
244.0	0.0	0.0	0.0	0.0	0.0	0.0	0.0	0.0	0.0	-3.252606517e-18
245.0	0.0	0.0	0.0	0.0	0.0	0.0	0.0	0.0	0.0	1.301042607e-18
246.0	0.0	0.0	0.0	0.0	0.0	0.0	0.0	0.0	0.0	-2.927345866e-18
247.0	0.0	0.0	0.0	0.0	0.0	0.0	0.0	0.0	0.0	-3.252606517e-19
248.0	0.0	0.0	0.0	0.0	0.0	0.0	0.0	0.0	0.0	2.710505431e-18
249.0	0.0	0.0	0.0	0.0	0.0	0.0	0.0	0.0	0.0	2.168404345e-19
250.0	0.0	0.0	0.0	0.0	0.0	0.0	0.0	0.0	0.0	-1.843143693e-18
251.0	0.0	0.0	0.0	0.0	0.0	0.0	0.0	0.0	0.0	-1.409462824e-18
252.0	0.0	0.0	0.0	0.0	0.0	0.0	0.0	0.0	0.0	3.252606517e-19
253.0	0.0	0.0	0.0	0.0	0.0	0.0	0.0	0.0	0.0	1.843143693e-18
254.0	0.0	0.0	0.0	0.0	0.0	0.0	0.0	0.0	0.0	-1.301042607e-18
255.0	0.0	0.0	0.0	0.0	0.0	0.0	0.0	0.0	0.0	-4.553649124e-18
256.0	0.0	0.0	0.0	0.0	0.0	0.0	0.0	0.0	0.0	2.493664997e-18
257.0	0.0	0.0	0.0	0.0	0.0	0.0	0.0	0.0	0.0	2.710505431e-18
258.0	0.0	0.0	0.0	0.0	0.0	0.0	0.0	0.0	0.0	9.757819552e-19
259.0	0.0	0.0	0.0	0.0	0.0	0.0	0.0	0.0	0.0	8.67361738e-19
260.0	0.0	0.0	0.0	0.0	0.0	0.0	0.0	0.0	0.0	3.794707604e-19
261.0	0.0	0.0	0.0	0.0	0.0	0.0	0.0	0.0	0.0	2.005774019e-18
262.0	0.0	0.0	0.0	0.0	0.0	0.0	0.0	0.0	0.0	8.67361738e-19
263.0	0.0	0.0	0.0	0.0	0.0	0.0	0.0	0.0	0.0	-1.084202172e-19
264.0	0.0	0.0	0.0	0.0	0.0	0.0	0.0	0.0	0.0	5.963111949e-19
265.0	0.0	0.0	0.0	0.0	0.0	0.0	0.0	0.0	0.0	-8.131516294e-19
266.0	0.0	0.0	0.0	0.0	0.0	0.0	0.0	0.0	0.0	-6.505213035000001e-19
267.0	0.0	0.0	0.0	0.0	0.0	0.0	0.0	0.0	0.0	-1.680513367e-18
268.0	0.0	0.0	0.0	0.0	0.0	0.0	0.0	0.0	0.0	-4.33680869e-19
269.0	0.0	0.0	0.0	0.0	0.0	0.0	0.0	0.0	0.0	3.794707604e-19
270.0	0.0	0.0	0.0	0.0	0.0	0.0	0.0	0.0	0.0	-9.215718466e-19
271.0	0.0	0.0	0.0	0.0	0.0	0.0	0.0	0.0	0.0	2.168404345e-19
272.0	0.0	0.0	0.0	0.0	0.0	0.0	0.0	0.0	0.0	2.059984128e-18
273.0	0.0	0.0	0.0	0.0	0.0	0.0	0.0	0.0	0.0	-2.710505431e-18
274.0	0.0	0.0	0.0	0.0	0.0	0.0	0.0	0.0	0.0	-1.355252716e-18
275.0	0.0	0.0	0.0	0.0	0.0	0.0	0.0	0.0	0.0	-9.215718466e-19
276.0	0.0	0.0	0.0	0.0	0.0	0.0	0.0	0.0	0.0	2.059984128e-18
277.0	0.0	0.0	0.0	0.0	0.0	0.0	0.0	0.0	0.0	-0.0
278.0	0.0	0.0	0.0	0.0	0.0	0.0	0.0	0.0	0.0	-1.517883041e-18
279.0	0.0	0.0	0.0	0.0	0.0	0.0	0.0	0.0	0.0	4.33680869e-19
280.0	0.0	0.0	0.0	0.0	0.0	0.0	0.0	0.0	0.0	-7.589415207e-19
281.0	0.0	0.0	0.0	0.0	0.0	0.0	0.0	0.0	0.0	-1.734723476e-18
282.0	0.0	0.0	0.0	0.0	0.0	0.0	0.0	0.0	0.0	-1.626303259e-18
283.0	0.0	0.0	0.0	0.0	0.0	0.0	0.0	0.0	0.0	-3.035766083e-18
284.0	0.0	0.0	0.0	0.0	0.0	0.0	0.0	0.0	0.0	1.084202172e-18
285.0	0.0	0.0	0.0	0.0	0.0	0.0	0.0	0.0	0.0	-9.757819552e-19
286.0	0.0	0.0	0.0	0.0	0.0	0.0	0.0	0.0	0.0	3.035766083e-18
287.0	0.0	0.0	0.0	0.0	0.0	0.0	0.0	0.0	0.0	-1.301042607e-18
288.0	0.0	0.0	0.0	0.0	0.0	0.0	0.0	0.0	0.0	3.361026735e-18
289.0	0.0	0.0	0.0	0.0	0.0	0.0	0.0	0.0	0.0	1.084202172e-18
290.0	0.0	0.0	0.0	0.0	0.0	0.0	0.0	0.0	0.0	-2.331034671e-18
291.0	0.0	0.0	0.0	0.0	0.0	0.0	0.0	0.0	0.0	8.67361738e-19
292.0	0.0	0.0	0.0	0.0	0.0	0.0	0.0	0.0	0.0	4.309703636e-18
293.0	0.0	0.0	0.0	0.0	0.0	0.0	0.0	0.0	0.0	-2.818925648e-18
294.0	0.0	0.0	0.0	0.0	0.0	0.0	0.0	0.0	0.0	-2.561427632e-18
295.0	0.0	0.0	0.0	0.0	0.0	0.0	0.0	0.0	0.0	1.395910297e-18
296.0	0.0	0.0	0.0	0.0	0.0	0.0	0.0	0.0	0.0	3.252606517e-19
297.0	0.0	0.0	0.0	0.0	0.0	0.0	0.0	0.0	0.0	3.252606517e-19
298.0	0.0	0.0	0.0	0.0	0.0	0.0	0.0	0.0	0.0	-1.301042607e-18
299.0	0.0	0.0	0.0	0.0	0.0	0.0	0.0	0.0	0.0	5.4210108620000006e-20
300.0	0.0	0.0	0.0	0.0	0.0	0.0	0.0	0.0	0.0	-3.252606517e-19
301.0	0.0	0.0	0.0	0.0	0.0	0.0	0.0	0.0	0.0	1.626303259e-18
302.0	0.0	0.0	0.0	0.0	0.0	0.0	0.0	0.0	0.0	-6.505213035000001e-19
303.0	0.0	0.0	0.0	0.0	0.0	0.0	0.0	0.0	0.0	1.084202172e-18
304.0	0.0	0.0	0.0	0.0	0.0	0.0	0.0	0.0	0.0	-1.301042607e-18
305.0	0.0	0.0	0.0	0.0	0.0	0.0	0.0	0.0	0.0	3.686287386e-18
306.0	0.0	0.0	0.0	0.0	0.0	0.0	0.0	0.0	0.0	1.084202172e-19
307.0	0.0	0.0	0.0	0.0	0.0	0.0	0.0	0.0	0.0	-6.505213035000001e-19
308.0	0.0	0.0	0.0	0.0	0.0	0.0	0.0	0.0	0.0	-2.385244779e-18
309.0	0.0	0.0	0.0	0.0	0.0	0.0	0.0	0.0	0.0	1.084202172e-19
310.0	0.0	0.0	0.0	0.0	0.0	0.0	0.0	0.0	0.0	-2.168404345e-19
311.0	0.0	0.0	0.0	0.0	0.0	0.0	0.0	0.0	0.0	-2.168404345e-19
312.0	0.0	0.0	0.0	0.0	0.0	0.0	0.0	0.0	0.0	-4.33680869e-19
313.0	0.0	0.0	0.0	0.0	0.0	0.0	0.0	0.0	0.0	9.757819552e-19
314.0	0.0	0.0	0.0	0.0	0.0	0.0	0.0	0.0	0.0	-1.843143693e-18
315.0	0.0	0.0	0.0	0.0	0.0	0.0	0.0	0.0	0.0	1.084202172e-19
316.0	0.0	0.0	0.0	0.0	0.0	0.0	0.0	0.0	0.0	7.589415207e-19
317.0	0.0	0.0	0.0	0.0	0.0	0.0	0.0	0.0	0.0	4.228388473e-18
318.0	0.0	0.0	0.0	0.0	0.0	0.0	0.0	0.0	0.0	7.589415207e-19
319.0	0.0	0.0	0.0	0.0	0.0	0.0	0.0	0.0	0.0	-1.9515639099999998e-18
320.0	0.0	0.0	0.0	0.0	0.0	0.0	0.0	0.0	0.0	7.589415207e-19
321.0	0.0	0.0	0.0	0.0	0.0	0.0	0.0	0.0	0.0	-1.19262239e-18
322.0	0.0	0.0	0.0	0.0	0.0	0.0	0.0	0.0	0.0	-2.168404345e-19
323.0	0.0	0.0	0.0	0.0	0.0	0.0	0.0	0.0	0.0	-2.818925648e-18
324.0	0.0	0.0	0.0	0.0	0.0	0.0	0.0	0.0	0.0	-3.252606517e-19
325.0	0.0	0.0	0.0	0.0	0.0	0.0	0.0	0.0	0.0	1.517883041e-18
326.0	0.0	0.0	0.0	0.0	0.0	0.0	0.0	0.0	0.0	2.059984128e-18
327.0	0.0	0.0	0.0	0.0	0.0	0.0	0.0	0.0	0.0	-1.843143693e-18
328.0	0.0	0.0	0.0	0.0	0.0	0.0	0.0	0.0	0.0	2.168404345e-19
329.0	0.0	0.0	0.0	0.0	0.0	0.0	0.0	0.0	0.0	7.589415207e-19
330.0	0.0	0.0	0.0	0.0	0.0	0.0	0.0	0.0	0.0	3.361026735e-18
331.0	0.0	0.0	0.0	0.0	0.0	0.0	0.0	0.0	0.0	-2.168404345e-19
332.0	0.0	0.0	0.0	0.0	0.0	0.0	0.0	0.0	0.0	-6.505213035000001e-19
333.0	0.0	0.0	0.0	0.0	0.0	0.0	0.0	0.0	0.0	-1.843143693e-18
334.0	0.0	0.0	0.0	0.0	0.0	0.0	0.0	0.0	0.0	-2.059984128e-18
335.0	0.0	0.0	0.0	0.0	0.0	0.0	0.0	0.0	0.0	1.409462824e-18
336.0	0.0	0.0	0.0	0.0	0.0	0.0	0.0	0.0	0.0	-3.252606517e-19
337.0	0.0	0.0	0.0	0.0	0.0	0.0	0.0	0.0	0.0	-2.168404345e-18
338.0	0.0	0.0	0.0	0.0	0.0	0.0	0.0	0.0	0.0	-6.505213035000001e-19
339.0	0.0	0.0	0.0	0.0	0.0	0.0	0.0	0.0	0.0	1.9515639099999998e-18
340.0	0.0	0.0	0.0	0.0	0.0	0.0	0.0	0.0	0.0	-2.818925648e-18
341.0	0.0	0.0	0.0	0.0	0.0	0.0	0.0	0.0	0.0	-5.421010862e-19
342.0	0.0	0.0	0.0	0.0	0.0	0.0	0.0	0.0	0.0	-6.505213035000001e-19
343.0	0.0	0.0	0.0	0.0	0.0	0.0	0.0	0.0	0.0	5.421010862e-19
344.0	0.0	0.0	0.0	0.0	0.0	0.0	0.0	0.0	0.0	5.421010862e-19
345.0	0.0	0.0	0.0	0.0	0.0	0.0	0.0	0.0	0.0	6.505213035000001e-19
346.0	0.0	0.0	0.0	0.0	0.0	0.0	0.0	0.0	0.0	5.421010862e-19
347.0	0.0	0.0	0.0	0.0	0.0	0.0	0.0	0.0	0.0	2.493664997e-18
348.0	0.0	0.0	0.0	0.0	0.0	0.0	0.0	0.0	0.0	-4.662069342e-18
349.0	0.0	0.0	0.0	0.0	0.0	0.0	0.0	0.0	0.0	-2.059984128e-18
350.0	0.0	0.0	0.0	0.0	0.0	0.0	0.0	0.0	0.0	8.67361738e-19
351.0	0.0	0.0	0.0	0.0	0.0	0.0	0.0	0.0	0.0	1.409462824e-18
352.0	0.0	0.0	0.0	0.0	0.0	0.0	0.0	0.0	0.0	1.517883041e-18
353.0	0.0	0.0	0.0	0.0	0.0	0.0	0.0	0.0	0.0	2.385244779e-18
354.0	0.0	0.0	0.0	0.0	0.0	0.0	0.0	0.0	0.0	2.168404345e-19
355.0	0.0	0.0	0.0	0.0	0.0	0.0	0.0	0.0	0.0	3.252606517e-19
356.0	0.0	0.0	0.0	0.0	0.0	0.0	0.0	0.0	0.0	1.734723476e-18
357.0	0.0	0.0	0.0	0.0	0.0	0.0	0.0	0.0	0.0	-2.710505431e-18
358.0	0.0	0.0	0.0	0.0	0.0	0.0	0.0	0.0	0.0	-2.168404345e-18
359.0	0.0	0.0	0.0	0.0	0.0	0.0	0.0	0.0	0.0	1.9515639099999998e-18
360.0	0.0	0.0	0.0	0.0	0.0	0.0	0.0	0.0	0.0	2.385244779e-18
361.0	0.0	0.0	0.0	0.0	0.0	0.0	0.0	0.0	0.0	-5.421010862e-19
362.0	0.0	0.0	0.0	0.0	0.0	0.0	0.0	0.0	0.0	-9.757819552e-19
363.0	0.0	0.0	0.0	0.0	0.0	0.0	0.0	0.0	0.0	1.084202172e-18
364.0	0.0	0.0	0.0	0.0	0.0	0.0	0.0	0.0	0.0	8.67361738e-19
365.0	0.0	0.0	0.0	0.0	0.0	0.0	0.0	0.0	0.0	2.168404345e-19
366.0	0.0	0.0	0.0	0.0	0.0	0.0	0.0	0.0	0.0	-6.505213035000001e-19
367.0	0.0	0.0	0.0	0.0	0.0	0.0	0.0	0.0	0.0	1.301042607e-18
368.0	0.0	0.0	0.0	0.0	0.0	0.0	0.0	0.0	0.0	1.301042607e-18
369.0	0.0	0.0	0.0	0.0	0.0	0.0	0.0	0.0	0.0	-2.168404345e-19
370.0	0.0	0.0	0.0	0.0	0.0	0.0	0.0	0.0	0.0	-4.33680869e-18
371.0	0.0	0.0	0.0	0.0	0.0	0.0	0.0	0.0	0.0	-9.757819552e-19
372.0	0.0	0.0	0.0	0.0	0.0	0.0	0.0	0.0	0.0	1.301042607e-18
373.0	0.0	0.0	0.0	0.0	0.0	0.0	0.0	0.0	0.0	1.19262239e-18
374.0	0.0	0.0	0.0	0.0	0.0	0.0	0.0	0.0	0.0	-1.409462824e-18
375.0	0.0	0.0	0.0	0.0	0.0	0.0	0.0	0.0	0.0	-9.757819552e-19
376.0	0.0	0.0	0.0	0.0	0.0	0.0	0.0	0.0	0.0	2.818925648e-18
377.0	0.0	0.0	0.0	0.0	0.0	0.0	0.0	0.0	0.0	-3.252606517e-19
378.0	0.0	0.0	0.0	0.0	0.0	0.0	0.0	0.0	0.0	-1.084202172e-18
379.0	0.0	0.0	0.0	0.0	0.0	0.0	0.0	0.0	0.0	-1.626303259e-18
380.0	0.0	0.0	0.0	0.0	0.0	0.0	0.0	0.0	0.0	-2.168404345e-19
381.0	0.0	0.0	0.0	0.0	0.0	0.0	0.0	0.0	0.0	-1.19262239e-18
382.0	0.0	0.0	0.0	0.0	0.0	0.0	0.0	0.0	0.0	2.168404345e-18
383.0	0.0	0.0	0.0	0.0	0.0	0.0	0.0	0.0	0.0	2.168404345e-19
384.0	0.0	0.0	0.0	0.0	0.0	0.0	0.0	0.0	0.0	-6.505213035000001e-19
385.0	0.0	0.0	0.0	0.0	0.0	0.0	0.0	0.0	0.0	-4.33680869e-19
386.0	0.0	0.0	0.0	0.0	0.0	0.0	0.0	0.0	0.0	1.517883041e-18
387.0	0.0	0.0	0.0	0.0	0.0	0.0	0.0	0.0	0.0	-1.301042607e-18
388.0	0.0	0.0	0.0	0.0	0.0	0.0	0.0	0.0	0.0	-7.589415207e-19
389.0	0.0	0.0	0.0	0.0	0.0	0.0	0.0	0.0	0.0	3.252606517e-19
390.0	0.0	0.0	0.0	0.0	0.0	0.0	0.0	0.0	0.0	9.757819552e-19
391.0	0.0	0.0	0.0	0.0	0.0	0.0	0.0	0.0	0.0	-8.67361738e-19
392.0	0.0	0.0	0.0	0.0	0.0	0.0	0.0	0.0	0.0	-1.9515639099999998e-18
393.0	0.0	0.0	0.0	0.0	0.0	0.0	0.0	0.0	0.0	1.19262239e-18
394.0	0.0	0.0	0.0	0.0	0.0	0.0	0.0	0.0	0.0	1.301042607e-18
395.0	0.0	0.0	0.0	0.0	0.0	0.0	0.0	0.0	0.0	1.301042607e-18
396.0	0.0	0.0	0.0	0.0	0.0	0.0	0.0	0.0	0.0	1.843143693e-18
397.0	0.0	0.0	0.0	0.0	0.0	0.0	0.0	0.0	0.0	-1.843143693e-18
398.0	0.0	0.0	0.0	0.0	0.0	0.0	0.0	0.0	0.0	-9.757819552e-19
399.0	0.0	0.0	0.0	0.0	0.0	0.0	0.0	0.0	0.0	6.505213035000001e-19
400.0	0.0	0.0	0.0	0.0	0.0	0.0	0.0	0.0	0.0	9.757819552e-19
401.0	0.0	0.0	0.0	0.0	0.0	0.0	0.0	0.0	0.0	2.168404345e-19
402.0	0.0	0.0	0.0	0.0	0.0	0.0	0.0	0.0	0.0	1.9515639099999998e-18
403.0	0.0	0.0	0.0	0.0	0.0	0.0	0.0	0.0	0.0	-6.505213035000001e-19
404.0	0.0	0.0	0.0	0.0	0.0	0.0	0.0	0.0	0.0	-1.19262239e-18
405.0	0.0	0.0	0.0	0.0	0.0	0.0	0.0	0.0	0.0	3.1441862999999998e-18
406.0	0.0	0.0	0.0	0.0	0.0	0.0	0.0	0.0	0.0	2.168404345e-19
407.0	0.0	0.0	0.0	0.0	0.0	0.0	0.0	0.0	0.0	-3.252606517e-19
408.0	0.0	0.0	0.0	0.0	0.0	0.0	0.0	0.0	0.0	1.19262239e-18
409.0	0.0	0.0	0.0	0.0	0.0	0.0	0.0	0.0	0.0	-8.67361738e-19
410.0	0.0	0.0	0.0	0.0	0.0	0.0	0.0	0.0	0.0	1.084202172e-19
411.0	0.0	0.0	0.0	0.0	0.0	0.0	0.0	0.0	0.0	-1.843143693e-18
412.0	0.0	0.0	0.0	0.0	0.0	0.0	0.0	0.0	0.0	1.19262239e-18
413.0	0.0	0.0	0.0	0.0	0.0	0.0	0.0	0.0	0.0	1.301042607e-18
414.0	0.0	0.0	0.0	0.0	0.0	0.0	0.0	0.0	0.0	1.084202172e-19
415.0	0.0	0.0	0.0	0.0	0.0	0.0	0.0	0.0	0.0	-9.757819552e-19
416.0	0.0	0.0	0.0	0.0	0.0	0.0	0.0	0.0	0.0	1.084202172e-18
417.0	0.0	0.0	0.0	0.0	0.0	0.0	0.0	0.0	0.0	-1.19262239e-18
418.0	0.0	0.0	0.0	0.0	0.0	0.0	0.0	0.0	0.0	-3.252606517e-19
419.0	0.0	0.0	0.0	0.0	0.0	0.0	0.0	0.0	0.0	-5.421010862e-19
420.0	0.0	0.0	0.0	0.0	0.0	0.0	0.0	0.0	0.0	4.33680869e-19
421.0	0.0	0.0	0.0	0.0	0.0	0.0	0.0	0.0	0.0	-6.505213035000001e-19
422.0	0.0	0.0	0.0	0.0	0.0	0.0	0.0	0.0	0.0	1.517883041e-18
423.0	0.0	0.0	0.0	0.0	0.0	0.0	0.0	0.0	0.0	5.421010862e-19
424.0	0.0	0.0	0.0	0.0	0.0	0.0	0.0	0.0	0.0	-8.67361738e-19
425.0	0.0	0.0	0.0	0.0	0.0	0.0	0.0	0.0	0.0	-1.843143693e-18
426.0	0.0	0.0	0.0	0.0	0.0	0.0	0.0	0.0	0.0	-5.421010862e-19
427.0	0.0	0.0	0.0	0.0	0.0	0.0	0.0	0.0	0.0	3.252606517e-19
428.0	0.0	0.0	0.0	0.0	0.0	0.0	0.0	0.0	0.0	5.421010862e-19
429.0	0.0	0.0	0.0	0.0	0.0	0.0	0.0	0.0	0.0	3.252606517e-19
430.0	0.0	0.0	0.0	0.0	0.0	0.0	0.0	0.0	0.0	2.168404345e-19
431.0	0.0	0.0	0.0	0.0	0.0	0.0	0.0	0.0	0.0	-2.168404345e-18
432.0	0.0	0.0	0.0	0.0	0.0	0.0	0.0	0.0	0.0	-7.589415207e-19
433.0	0.0	0.0	0.0	0.0	0.0	0.0	0.0	0.0	0.0	2.602085214e-18
434.0	0.0	0.0	0.0	0.0	0.0	0.0	0.0	0.0	0.0	5.421010862e-19
435.0	0.0	0.0	0.0	0.0	0.0	0.0	0.0	0.0	0.0	2.168404345e-19
436.0	0.0	0.0	0.0	0.0	0.0	0.0	0.0	0.0	0.0	5.421010862e-19
437.0	0.0	0.0	0.0	0.0	0.0	0.0	0.0	0.0	0.0	1.19262239e-18
438.0	0.0	0.0	0.0	0.0	0.0	0.0	0.0	0.0	0.0	-4.33680869e-19
439.0	0.0	0.0	0.0	0.0	0.0	0.0	0.0	0.0	0.0	1.084202172e-19
440.0	0.0	0.0	0.0	0.0	0.0	0.0	0.0	0.0	0.0	-1.084202172e-19
441.0	0.0	0.0	0.0	0.0	0.0	0.0	0.0	0.0	0.0	8.67361738e-19
442.0	0.0	0.0	0.0	0.0	0.0	0.0	0.0	0.0	0.0	9.757819552e-19
443.0	0.0	0.0	0.0	0.0	0.0	0.0	0.0	0.0	0.0	-6.505213035000001e-19
444.0	0.0	0.0	0.0	0.0	0.0	0.0	0.0	0.0	0.0	-1.084202172e-18
445.0	0.0	0.0	0.0	0.0	0.0	0.0	0.0	0.0	0.0	1.843143693e-18
446.0	0.0	0.0	0.0	0.0	0.0	0.0	0.0	0.0	0.0	-2.168404345e-19
447.0	0.0	0.0	0.0	0.0	0.0	0.0	0.0	0.0	0.0	1.734723476e-18
448.0	0.0	0.0	0.0	0.0	0.0	0.0	0.0	0.0	0.0	-2.168404345e-19
449.0	0.0	0.0	0.0	0.0	0.0	0.0	0.0	0.0	0.0	-1.517883041e-18
450.0	0.0	0.0	0.0	0.0	0.0	0.0	0.0	0.0	0.0	3.252606517e-19
451.0	0.0	0.0	0.0	0.0	0.0	0.0	0.0	0.0	0.0	6.505213035000001e-19
452.0	0.0	0.0	0.0	0.0	0.0	0.0	0.0	0.0	0.0	5.421010862e-19
453.0	0.0	0.0	0.0	0.0	0.0	0.0	0.0	0.0	0.0	-1.084202172e-19
454.0	0.0	0.0	0.0	0.0	0.0	0.0	0.0	0.0	0.0	1.084202172e-19
455.0	0.0	0.0	0.0	0.0	0.0	0.0	0.0	0.0	0.0	4.33680869e-19
456.0	0.0	0.0	0.0	0.0	0.0	0.0	0.0	0.0	0.0	-1.084202172e-18
457.0	0.0	0.0	0.0	0.0	0.0	0.0	0.0	0.0	0.0	-2.710505431e-18
458.0	0.0	0.0	0.0	0.0	0.0	0.0	0.0	0.0	0.0	-1.084202172e-19
459.0	0.0	0.0	0.0	0.0	0.0	0.0	0.0	0.0	0.0	1.626303259e-18
460.0	0.0	0.0	0.0	0.0	0.0	0.0	0.0	0.0	0.0	7.589415207e-19
461.0	0.0	0.0	0.0	0.0	0.0	0.0	0.0	0.0	0.0	8.67361738e-19
462.0	0.0	0.0	0.0	0.0	0.0	0.0	0.0	0.0	0.0	2.168404345e-19
463.0	0.0	0.0	0.0	0.0	0.0	0.0	0.0	0.0	0.0	-1.843143693e-18
464.0	0.0	0.0	0.0	0.0	0.0	0.0	0.0	0.0	0.0	5.421010862e-19
465.0	0.0	0.0	0.0	0.0	0.0	0.0	0.0	0.0	0.0	3.577867169e-18
466.0	0.0	0.0	0.0	0.0	0.0	0.0	0.0	0.0	0.0	-1.19262239e-18
467.0	0.0	0.0	0.0	0.0	0.0	0.0	0.0	0.0	0.0	5.421010862e-19
468.0	0.0	0.0	0.0	0.0	0.0	0.0	0.0	0.0	0.0	3.1441862999999998e-18
469.0	0.0	0.0	0.0	0.0	0.0	0.0	0.0	0.0	0.0	1.734723476e-18
470.0	0.0	0.0	0.0	0.0	0.0	0.0	0.0	0.0	0.0	-7.589415207e-19
471.0	0.0	0.0	0.0	0.0	0.0	0.0	0.0	0.0	0.0	-7.589415207e-19
472.0	0.0	0.0	0.0	0.0	0.0	0.0	0.0	0.0	0.0	1.301042607e-18
473.0	0.0	0.0	0.0	0.0	0.0	0.0	0.0	0.0	0.0	1.626303259e-18
474.0	0.0	0.0	0.0	0.0	0.0	0.0	0.0	0.0	0.0	3.252606517e-19
475.0	0.0	0.0	0.0	0.0	0.0	0.0	0.0	0.0	0.0	1.19262239e-18
476.0	0.0	0.0	0.0	0.0	0.0	0.0	0.0	0.0	0.0	-1.843143693e-18
477.0	0.0	0.0	0.0	0.0	0.0	0.0	0.0	0.0	0.0	6.505213035000001e-19
478.0	0.0	0.0	0.0	0.0	0.0	0.0	0.0	0.0	0.0	-5.421010862e-19
479.0	0.0	0.0	0.0	0.0	0.0	0.0	0.0	0.0	0.0	-9.757819552e-19
480.0	0.0	0.0	0.0	0.0	0.0	0.0	0.0	0.0	0.0	-1.084202172e-19
481.0	0.0	0.0	0.0	0.0	0.0	0.0	0.0	0.0	0.0	-8.67361738e-19
482.0	0.0	0.0	0.0	0.0	0.0	0.0	0.0	0.0	0.0	7.589415207e-19
483.0	0.0	0.0	0.0	0.0	0.0	0.0	0.0	0.0	0.0	7.589415207e-19
484.0	0.0	0.0	0.0	0.0	0.0	0.0	0.0	0.0	0.0	1.409462824e-18
485.0	0.0	0.0	0.0	0.0	0.0	0.0	0.0	0.0	0.0	1.19262239e-18
486.0	0.0	0.0	0.0	0.0	0.0	0.0	0.0	0.0	0.0	1.301042607e-18
487.0	0.0	0.0	0.0	0.0	0.0	0.0	0.0	0.0	0.0	8.67361738e-19
488.0	0.0	0.0	0.0	0.0	0.0	0.0	0.0	0.0	0.0	3.252606517e-19
489.0	0.0	0.0	0.0	0.0	0.0	0.0	0.0	0.0	0.0	1.409462824e-18
490.0	0.0	0.0	0.0	0.0	0.0	0.0	0.0	0.0	0.0	2.168404345e-19
491.0	0.0	0.0	0.0	0.0	0.0	0.0	0.0	0.0	0.0	9.757819552e-19
492.0	0.0	0.0	0.0	0.0	0.0	0.0	0.0	0.0	0.0	3.252606517e-19
493.0	0.0	0.0	0.0	0.0	0.0	0.0	0.0	0.0	0.0	1.19262239e-18
494.0	0.0	0.0	0.0	0.0	0.0	0.0	0.0	0.0	0.0	-4.33680869e-19
495.0	0.0	0.0	0.0	0.0	0.0	0.0	0.0	0.0	0.0	2.276824562e-18
496.0	0.0	0.0	0.0	0.0	0.0	0.0	0.0	0.0	0.0	5.421010862e-19
497.0	0.0	0.0	0.0	0.0	0.0	0.0	0.0	0.0	0.0	-1.626303259e-18
498.0	0.0	0.0	0.0	0.0	0.0	0.0	0.0	0.0	0.0	4.33680869e-19
499.0	0.0	0.0	0.0	0.0	0.0	0.0	0.0	0.0	0.0	-5.421010862e-19
500.0	0.0	0.0	0.0	0.0	0.0	0.0	0.0	0.0	0.0	-0.0
501.0	0.0	0.0	0.0	0.0	0.0	0.0	0.0	0.0	0.0	1.084202172e-18
502.0	0.0	0.0	0.0	0.0	0.0	0.0	0.0	0.0	0.0	2.710505431e-18
503.0	0.0	0.0	0.0	0.0	0.0	0.0	0.0	0.0	0.0	3.252606517e-19
504.0	0.0	0.0	0.0	0.0	0.0	0.0	0.0	0.0	0.0	9.757819552e-19
505.0	0.0	0.0	0.0	0.0	0.0	0.0	0.0	0.0	0.0	1.084202172e-18
506.0	0.0	0.0	0.0	0.0	0.0	0.0	0.0	0.0	0.0	5.421010862e-19
507.0	0.0	0.0	0.0	0.0	0.0	0.0	0.0	0.0	0.0	7.589415207e-19
508.0	0.0	0.0	0.0	0.0	0.0	0.0	0.0	0.0	0.0	7.589415207e-19
509.0	0.0	0.0	0.0	0.0	0.0	0.0	0.0	0.0	0.0	-8.67361738e-19
510.0	0.0	0.0	0.0	0.0	0.0	0.0	0.0	0.0	0.0	-5.421010862e-19
511.0	0.0	0.0	0.0	0.0	0.0	0.0	0.0	0.0	0.0	-1.084202172e-19
512.0	0.0	0.0	0.0	0.0	0.0	0.0	0.0	0.0	0.0	1.084202172e-19
513.0	0.0	0.0	0.0	0.0	0.0	0.0	0.0	0.0	0.0	-3.252606517e-19
514.0	0.0	0.0	0.0	0.0	0.0	0.0	0.0	0.0	0.0	3.252606517e-19
515.0	0.0	0.0	0.0	0.0	0.0	0.0	0.0	0.0	0.0	4.33680869e-19
516.0	0.0	0.0	0.0	0.0	0.0	0.0	0.0	0.0	0.0	1.084202172e-19
517.0	0.0	0.0	0.0	0.0	0.0	0.0	0.0	0.0	0.0	-5.421010862e-19
518.0	0.0	0.0	0.0	0.0	0.0	0.0	0.0	0.0	0.0	-1.19262239e-18
519.0	0.0	0.0	0.0	0.0	0.0	0.0	0.0	0.0	0.0	1.084202172e-19
520.0	0.0	0.0	0.0	0.0	0.0	0.0	0.0	0.0	0.0	-1.843143693e-18
521.0	0.0	0.0	0.0	0.0	0.0	0.0	0.0	0.0	0.0	-8.67361738e-19
522.0	0.0	0.0	0.0	0.0	0.0	0.0	0.0	0.0	0.0	4.33680869e-19
523.0	0.0	0.0	0.0	0.0	0.0	0.0	0.0	0.0	0.0	8.67361738e-19
524.0	0.0	0.0	0.0	0.0	0.0	0.0	0.0	0.0	0.0	9.757819552e-19
525.0	0.0	0.0	0.0	0.0	0.0	0.0	0.0	0.0	0.0	-7.589415207e-19
526.0	0.0	0.0	0.0	0.0	0.0	0.0	0.0	0.0	0.0	2.168404345e-19
527.0	0.0	0.0	0.0	0.0	0.0	0.0	0.0	0.0	0.0	6.505213035000001e-19
528.0	0.0	0.0	0.0	0.0	0.0	0.0	0.0	0.0	0.0	2.385244779e-18
529.0	0.0	0.0	0.0	0.0	0.0	0.0	0.0	0.0	0.0	2.385244779e-18
530.0	0.0	0.0	0.0	0.0	0.0	0.0	0.0	0.0	0.0	1.626303259e-18
531.0	0.0	0.0	0.0	0.0	0.0	0.0	0.0	0.0	0.0	-3.252606517e-19
532.0	0.0	0.0	0.0	0.0	0.0	0.0	0.0	0.0	0.0	-9.757819552e-19
533.0	0.0	0.0	0.0	0.0	0.0	0.0	0.0	0.0	0.0	3.252606517e-19
534.0	0.0	0.0	0.0	0.0	0.0	0.0	0.0	0.0	0.0	-1.843143693e-18
535.0	0.0	0.0	0.0	0.0	0.0	0.0	0.0	0.0	0.0	-1.084202172e-18
536.0	0.0	0.0	0.0	0.0	0.0	0.0	0.0	0.0	0.0	-6.505213035000001e-19
537.0	0.0	0.0	0.0	0.0	0.0	0.0	0.0	0.0	0.0	-1.084202172e-19
538.0	0.0	0.0	0.0	0.0	0.0	0.0	0.0	0.0	0.0	1.409462824e-18
539.0	0.0	0.0	0.0	0.0	0.0	0.0	0.0	0.0	0.0	-2.168404345e-19
540.0	0.0	0.0	0.0	0.0	0.0	0.0	0.0	0.0	0.0	-1.843143693e-18
541.0	0.0	0.0	0.0	0.0	0.0	0.0	0.0	0.0	0.0	-0.0
542.0	0.0	0.0	0.0	0.0	0.0	0.0	0.0	0.0	0.0	9.757819552e-19
543.0	0.0	0.0	0.0	0.0	0.0	0.0	0.0	0.0	0.0	-1.517883041e-18
544.0	0.0	0.0	0.0	0.0	0.0	0.0	0.0	0.0	0.0	2.385244779e-18
545.0	0.0	0.0	0.0	0.0	0.0	0.0	0.0	0.0	0.0	-5.421010862e-19
546.0	0.0	0.0	0.0	0.0	0.0	0.0	0.0	0.0	0.0	-1.626303259e-18
547.0	0.0	0.0	0.0	0.0	0.0	0.0	0.0	0.0	0.0	8.67361738e-19
548.0	0.0	0.0	0.0	0.0	0.0	0.0	0.0	0.0	0.0	-2.168404345e-19
549.0	0.0	0.0	0.0	0.0	0.0	0.0	0.0	0.0	0.0	-5.421010862e-19
550.0	0.0	0.0	0.0	0.0	0.0	0.0	0.0	0.0	0.0	-1.084202172e-19
551.0	0.0	0.0	0.0	0.0	0.0	0.0	0.0	0.0	0.0	-1.517883041e-18
552.0	0.0	0.0	0.0	0.0	0.0	0.0	0.0	0.0	0.0	-2.168404345e-18
553.0	0.0	0.0	0.0	0.0	0.0	0.0	0.0	0.0	0.0	4.33680869e-19
554.0	0.0	0.0	0.0	0.0	0.0	0.0	0.0	0.0	0.0	-1.626303259e-18
555.0	0.0	0.0	0.0	0.0	0.0	0.0	0.0	0.0	0.0	-9.757819552e-19
556.0	0.0	0.0	0.0	0.0	0.0	0.0	0.0	0.0	0.0	-1.084202172e-19
557.0	0.0	0.0	0.0	0.0	0.0	0.0	0.0	0.0	0.0	4.33680869e-19
558.0	0.0	0.0	0.0	0.0	0.0	0.0	0.0	0.0	0.0	8.67361738e-19
559.0	0.0	0.0	0.0	0.0	0.0	0.0	0.0	0.0	0.0	1.301042607e-18
560.0	0.0	0.0	0.0	0.0	0.0	0.0	0.0	0.0	0.0	-4.33680869e-19
561.0	0.0	0.0	0.0	0.0	0.0	0.0	0.0	0.0	0.0	1.409462824e-18
562.0	0.0	0.0	0.0	0.0	0.0	0.0	0.0	0.0	0.0	6.505213035000001e-19
563.0	0.0	0.0	0.0	0.0	0.0	0.0	0.0	0.0	0.0	3.252606517e-19
564.0	0.0	0.0	0.0	0.0	0.0	0.0	0.0	0.0	0.0	-5.421010862e-19
565.0	0.0	0.0	0.0	0.0	0.0	0.0	0.0	0.0	0.0	-1.084202172e-19
566.0	0.0	0.0	0.0	0.0	0.0	0.0	0.0	0.0	0.0	-3.252606517e-19
567.0	0.0	0.0	0.0	0.0	0.0	0.0	0.0	0.0	0.0	-2.168404345e-19
568.0	0.0	0.0	0.0	0.0	0.0	0.0	0.0	0.0	0.0	-4.33680869e-19
569.0	0.0	0.0	0.0	0.0	0.0	0.0	0.0	0.0	0.0	-9.757819552e-19
570.0	0.0	0.0	0.0	0.0	0.0	0.0	0.0	0.0	0.0	-8.67361738e-19
571.0	0.0	0.0	0.0	0.0	0.0	0.0	0.0	0.0	0.0	1.084202172e-18
572.0	0.0	0.0	0.0	0.0	0.0	0.0	0.0	0.0	0.0	4.33680869e-19
573.0	0.0	0.0	0.0	0.0	0.0	0.0	0.0	0.0	0.0	4.33680869e-19
574.0	0.0	0.0	0.0	0.0	0.0	0.0	0.0	0.0	0.0	1.084202172e-18
575.0	0.0	0.0	0.0	0.0	0.0	0.0	0.0	0.0	0.0	4.33680869e-19
576.0	0.0	0.0	0.0	0.0	0.0	0.0	0.0	0.0	0.0	8.67361738e-19
577.0	0.0	0.0	0.0	0.0	0.0	0.0	0.0	0.0	0.0	1.084202172e-19
578.0	0.0	0.0	0.0	0.0	0.0	0.0	0.0	0.0	0.0	1.084202172e-19
579.0	0.0	0.0	0.0	0.0	0.0	0.0	0.0	0.0	0.0	-6.505213035000001e-19
580.0	0.0	0.0	0.0	0.0	0.0	0.0	0.0	0.0	0.0	-1.9515639099999998e-18
581.0	0.0	0.0	0.0	0.0	0.0	0.0	0.0	0.0	0.0	5.421010862e-19
582.0	0.0	0.0	0.0	0.0	0.0	0.0	0.0	0.0	0.0	-1.517883041e-18
583.0	0.0	0.0	0.0	0.0	0.0	0.0	0.0	0.0	0.0	1.517883041e-18
584.0	0.0	0.0	0.0	0.0	0.0	0.0	0.0	0.0	0.0	-1.9515639099999998e-18
585.0	0.0	0.0	0.0	0.0	0.0	0.0	0.0	0.0	0.0	3.252606517e-19
586.0	0.0	0.0	0.0	0.0	0.0	0.0	0.0	0.0	0.0	2.059984128e-18
587.0	0.0	0.0	0.0	0.0	0.0	0.0	0.0	0.0	0.0	1.9515639099999998e-18
588.0	0.0	0.0	0.0	0.0	0.0	0.0	0.0	0.0	0.0	1.301042607e-18
589.0	0.0	0.0	0.0	0.0	0.0	0.0	0.0	0.0	0.0	3.252606517e-19
590.0	0.0	0.0	0.0	0.0	0.0	0.0	0.0	0.0	0.0	-1.084202172e-19
591.0	0.0	0.0	0.0	0.0	0.0	0.0	0.0	0.0	0.0	-7.589415207e-19
592.0	0.0	0.0	0.0	0.0	0.0	0.0	0.0	0.0	0.0	1.19262239e-18
593.0	0.0	0.0	0.0	0.0	0.0	0.0	0.0	0.0	0.0	2.168404345e-18
594.0	0.0	0.0	0.0	0.0	0.0	0.0	0.0	0.0	0.0	-3.252606517e-19
595.0	0.0	0.0	0.0	0.0	0.0	0.0	0.0	0.0	0.0	-2.059984128e-18
596.0	0.0	0.0	0.0	0.0	0.0	0.0	0.0	0.0	0.0	2.168404345e-19
597.0	0.0	0.0	0.0	0.0	0.0	0.0	0.0	0.0	0.0	-5.421010862e-19
598.0	0.0	0.0	0.0	0.0	0.0	0.0	0.0	0.0	0.0	8.67361738e-19
599.0	0.0	0.0	0.0	0.0	0.0	0.0	0.0	0.0	0.0	-1.301042607e-18
600.0	0.0	0.0	0.0	0.0	0.0	0.0	0.0	0.0	0.0	1.843143693e-18
601.0	0.0	0.0	0.0	0.0	0.0	0.0	0.0	0.0	0.0	-0.0
602.0	0.0	0.0	0.0	0.0	0.0	0.0	0.0	0.0	0.0	-3.252606517e-19
603.0	0.0	0.0	0.0	0.0	0.0	0.0	0.0	0.0	0.0	-1.19262239e-18
604.0	0.0	0.0	0.0	0.0	0.0	0.0	0.0	0.0	0.0	7.589415207e-19
605.0	0.0	0.0	0.0	0.0	0.0	0.0	0.0	0.0	0.0	-8.67361738e-19
606.0	0.0	0.0	0.0	0.0	0.0	0.0	0.0	0.0	0.0	2.059984128e-18
607.0	0.0	0.0	0.0	0.0	0.0	0.0	0.0	0.0	0.0	1.734723476e-18
608.0	0.0	0.0	0.0	0.0	0.0	0.0	0.0	0.0	0.0	4.33680869e-19
609.0	0.0	0.0	0.0	0.0	0.0	0.0	0.0	0.0	0.0	-2.168404345e-19
610.0	0.0	0.0	0.0	0.0	0.0	0.0	0.0	0.0	0.0	1.084202172e-18
611.0	0.0	0.0	0.0	0.0	0.0	0.0	0.0	0.0	0.0	-1.084202172e-19
612.0	0.0	0.0	0.0	0.0	0.0	0.0	0.0	0.0	0.0	-5.421010862e-19
613.0	0.0	0.0	0.0	0.0	0.0	0.0	0.0	0.0	0.0	1.734723476e-18
614.0	0.0	0.0	0.0	0.0	0.0	0.0	0.0	0.0	0.0	-8.67361738e-19
615.0	0.0	0.0	0.0	0.0	0.0	0.0	0.0	0.0	0.0	-0.0
616.0	0.0	0.0	0.0	0.0	0.0	0.0	0.0	0.0	0.0	7.589415207e-19
617.0	0.0	0.0	0.0	0.0	0.0	0.0	0.0	0.0	0.0	2.168404345e-19
618.0	0.0	0.0	0.0	0.0	0.0	0.0	0.0	0.0	0.0	1.084202172e-18
619.0	0.0	0.0	0.0	0.0	0.0	0.0	0.0	0.0	0.0	-4.33680869e-19
620.0	0.0	0.0	0.0	0.0	0.0	0.0	0.0	0.0	0.0	-3.252606517e-19
621.0	0.0	0.0	0.0	0.0	0.0	0.0	0.0	0.0	0.0	-4.33680869e-19
622.0	0.0	0.0	0.0	0.0	0.0	0.0	0.0	0.0	0.0	-4.33680869e-19
623.0	0.0	0.0	0.0	0.0	0.0	0.0	0.0	0.0	0.0	-6.505213035000001e-19
624.0	0.0	0.0	0.0	0.0	0.0	0.0	0.0	0.0	0.0	1.301042607e-18
625.0	0.0	0.0	0.0	0.0	0.0	0.0	0.0	0.0	0.0	-4.33680869e-19
626.0	0.0	0.0	0.0	0.0	0.0	0.0	0.0	0.0	0.0	-4.33680869e-19
627.0	0.0	0.0	0.0	0.0	0.0	0.0	0.0	0.0	0.0	3.252606517e-19
628.0	0.0	0.0	0.0	0.0	0.0	0.0	0.0	0.0	0.0	-2.168404345e-19
629.0	0.0	0.0	0.0	0.0	0.0	0.0	0.0	0.0	0.0	6.505213035000001e-19
630.0	0.0	0.0	0.0	0.0	0.0	0.0	0.0	0.0	0.0	3.252606517e-19
631.0	0.0	0.0	0.0	0.0	0.0	0.0	0.0	0.0	0.0	-1.084202172e-18
632.0	0.0	0.0	0.0	0.0	0.0	0.0	0.0	0.0	0.0	-3.252606517e-19
633.0	0.0	0.0	0.0	0.0	0.0	0.0	0.0	0.0	0.0	3.252606517e-19
634.0	0.0	0.0	0.0	0.0	0.0	0.0	0.0	0.0	0.0	-6.505213035000001e-19
635.0	0.0	0.0	0.0	0.0	0.0	0.0	0.0	0.0	0.0	5.421010862e-19
636.0	0.0	0.0	0.0	0.0	0.0	0.0	0.0	0.0	0.0	-6.505213035000001e-19
637.0	0.0	0.0	0.0	0.0	0.0	0.0	0.0	0.0	0.0	3.252606517e-19
638.0	0.0	0.0	0.0	0.0	0.0	0.0	0.0	0.0	0.0	-3.252606517e-19
639.0	0.0	0.0	0.0	0.0	0.0	0.0	0.0	0.0	0.0	-3.252606517e-19
640.0	0.0	0.0	0.0	0.0	0.0	0.0	0.0	0.0	0.0	-6.505213035000001e-19
641.0	0.0	0.0	0.0	0.0	0.0	0.0	0.0	0.0	0.0	5.4210108620000006e-20
642.0	0.0	0.0	0.0	0.0	0.0	0.0	0.0	0.0	0.0	6.505213035000001e-19
643.0	0.0	0.0	0.0	0.0	0.0	0.0	0.0	0.0	0.0	-2.168404345e-19
644.0	0.0	0.0	0.0	0.0	0.0	0.0	0.0	0.0	0.0	1.626303259e-19
645.0	0.0	0.0	0.0	0.0	0.0	0.0	0.0	0.0	0.0	-3.794707604e-19
646.0	0.0	0.0	0.0	0.0	0.0	0.0	0.0	0.0	0.0	2.710505431e-19
647.0	0.0	0.0	0.0	0.0	0.0	0.0	0.0	0.0	0.0	-0.0
648.0	0.0	0.0	0.0	0.0	0.0	0.0	0.0	0.0	0.0	3.794707604e-19
649.0	0.0	0.0	0.0	0.0	0.0	0.0	0.0	0.0	0.0	-2.168404345e-19
650.0	0.0	0.0	0.0	0.0	0.0	0.0	0.0	0.0	0.0	-7.047314121e-19
651.0	0.0	0.0	0.0	0.0	0.0	0.0	0.0	0.0	0.0	-5.4210108620000006e-20
652.0	0.0	0.0	0.0	0.0	0.0	0.0	0.0	0.0	0.0	1.084202172e-19
653.0	0.0	0.0	0.0	0.0	0.0	0.0	0.0	0.0	0.0	3.794707604e-19
654.0	0.0	0.0	0.0	0.0	0.0	0.0	0.0	0.0	0.0	5.963111949e-19
655.0	0.0	0.0	0.0	0.0	0.0	0.0	0.0	0.0	0.0	-3.794707604e-19
656.0	0.0	0.0	0.0	0.0	0.0	0.0	0.0	0.0	0.0	2.710505431e-19
657.0	0.0	0.0	0.0	0.0	0.0	0.0	0.0	0.0	0.0	2.168404345e-19
658.0	0.0	0.0	0.0	0.0	0.0	0.0	0.0	0.0	0.0	4.33680869e-19
659.0	0.0	0.0	0.0	0.0	0.0	0.0	0.0	0.0	0.0	-8.131516294e-19
660.0	0.0	0.0	0.0	0.0	0.0	0.0	0.0	0.0	0.0	2.168404345e-19
661.0	0.0	0.0	0.0	0.0	0.0	0.0	0.0	0.0	0.0	1.626303259e-19
662.0	0.0	0.0	0.0	0.0	0.0	0.0	0.0	0.0	0.0	2.710505431e-19
663.0	0.0	0.0	0.0	0.0	0.0	0.0	0.0	0.0	0.0	1.138412281e-18
664.0	0.0	0.0	0.0	0.0	0.0	0.0	0.0	0.0	0.0	1.626303259e-19
665.0	0.0	0.0	0.0	0.0	0.0	0.0	0.0	0.0	0.0	-2.710505431e-19
666.0	0.0	0.0	0.0	0.0	0.0	0.0	0.0	0.0	0.0	3.794707604e-19
667.0	0.0	0.0	0.0	0.0	0.0	0.0	0.0	0.0	0.0	1.084202172e-19
668.0	0.0	0.0	0.0	0.0	0.0	0.0	0.0	0.0	0.0	5.4210108620000006e-20
669.0	0.0	0.0	0.0	0.0	0.0	0.0	0.0	0.0	0.0	2.168404345e-19
670.0	0.0	0.0	0.0	0.0	0.0	0.0	0.0	0.0	0.0	-3.252606517e-19
671.0	0.0	0.0	0.0	0.0	0.0	0.0	0.0	0.0	0.0	5.4210108620000006e-20
672.0	0.0	0.0	0.0	0.0	0.0	0.0	0.0	0.0	0.0	-2.168404345e-19
673.0	0.0	0.0	0.0	0.0	0.0	0.0	0.0	0.0	0.0	7.589415207e-19
674.0	0.0	0.0	0.0	0.0	0.0	0.0	0.0	0.0	0.0	3.794707604e-19
675.0	0.0	0.0	0.0	0.0	0.0	0.0	0.0	0.0	0.0	2.710505431e-19
676.0	0.0	0.0	0.0	0.0	0.0	0.0	0.0	0.0	0.0	-3.794707604e-19
677.0	0.0	0.0	0.0	0.0	0.0	0.0	0.0	0.0	0.0	2.168404345e-19
678.0	0.0	0.0	0.0	0.0	0.0	0.0	0.0	0.0	0.0	-3.794707604e-19
679.0	0.0	0.0	0.0	0.0	0.0	0.0	0.0	0.0	0.0	5.4210108620000006e-20
680.0	0.0	0.0	0.0	0.0	0.0	0.0	0.0	0.0	0.0	-1.084202172e-19
681.0	0.0	0.0	0.0	0.0	0.0	0.0	0.0	0.0	0.0	3.252606517e-19
682.0	0.0	0.0	0.0	0.0	0.0	0.0	0.0	0.0	0.0	-1.084202172e-19
683.0	0.0	0.0	0.0	0.0	0.0	0.0	0.0	0.0	0.0	-4.33680869e-19
684.0	0.0	0.0	0.0	0.0	0.0	0.0	0.0	0.0	0.0	-4.878909776e-19
685.0	0.0	0.0	0.0	0.0	0.0	0.0	0.0	0.0	0.0	6.505213035000001e-19
686.0	0.0	0.0	0.0	0.0	0.0	0.0	0.0	0.0	0.0	2.710505431e-19
687.0	0.0	0.0	0.0	0.0	0.0	0.0	0.0	0.0	0.0	-2.710505431e-19
688.0	0.0	0.0	0.0	0.0	0.0	0.0	0.0	0.0	0.0	-0.0
689.0	0.0	0.0	0.0	0.0	0.0	0.0	0.0	0.0	0.0	6.505213035000001e-19
690.0	0.0	0.0	0.0	0.0	0.0	0.0	0.0	0.0	0.0	8.67361738e-19
691.0	0.0	0.0	0.0	0.0	0.0	0.0	0.0	0.0	0.0	1.626303259e-19
692.0	0.0	0.0	0.0	0.0	0.0	0.0	0.0	0.0	0.0	7.589415207e-19
693.0	0.0	0.0	0.0	0.0	0.0	0.0	0.0	0.0	0.0	-1.626303259e-19
694.0	0.0	0.0	0.0	0.0	0.0	0.0	0.0	0.0	0.0	1.19262239e-18
695.0	0.0	0.0	0.0	0.0	0.0	0.0	0.0	0.0	0.0	5.963111949e-19
696.0	0.0	0.0	0.0	0.0	0.0	0.0	0.0	0.0	0.0	-1.084202172e-19
697.0	0.0	0.0	0.0	0.0	0.0	0.0	0.0	0.0	0.0	-2.710505431e-19
698.0	0.0	0.0	0.0	0.0	0.0	0.0	0.0	0.0	0.0	-5.4210108620000006e-20
699.0	0.0	0.0	0.0	0.0	0.0	0.0	0.0	0.0	0.0	-0.0
700.0	0.0	0.0	0.0	0.0	0.0	0.0	0.0	0.0	0.0	4.33680869e-19
701.0	0.0	0.0	0.0	0.0	0.0	0.0	0.0	0.0	0.0	-2.710505431e-19
702.0	0.0	0.0	0.0	0.0	0.0	0.0	0.0	0.0	0.0	3.252606517e-19
703.0	0.0	0.0	0.0	0.0	0.0	0.0	0.0	0.0	0.0	-1.19262239e-18
704.0	0.0	0.0	0.0	0.0	0.0	0.0	0.0	0.0	0.0	-6.505213035000001e-19
705.0	0.0	0.0	0.0	0.0	0.0	0.0	0.0	0.0	0.0	-5.4210108620000006e-20
706.0	0.0	0.0	0.0	0.0	0.0	0.0	0.0	0.0	0.0	-3.794707604e-19
707.0	0.0	0.0	0.0	0.0	0.0	0.0	0.0	0.0	0.0	-2.168404345e-19
708.0	0.0	0.0	0.0	0.0	0.0	0.0	0.0	0.0	0.0	-1.626303259e-19
709.0	0.0	0.0	0.0	0.0	0.0	0.0	0.0	0.0	0.0	-1.626303259e-19
710.0	0.0	0.0	0.0	0.0	0.0	0.0	0.0	0.0	0.0	-0.0
711.0	0.0	0.0	0.0	0.0	0.0	0.0	0.0	0.0	0.0	-5.4210108620000006e-20
712.0	0.0	0.0	0.0	0.0	0.0	0.0	0.0	0.0	0.0	9.215718466e-19
713.0	0.0	0.0	0.0	0.0	0.0	0.0	0.0	0.0	0.0	-3.252606517e-19
714.0	0.0	0.0	0.0	0.0	0.0	0.0	0.0	0.0	0.0	-4.33680869e-19
715.0	0.0	0.0	0.0	0.0	0.0	0.0	0.0	0.0	0.0	5.421010862e-19
716.0	0.0	0.0	0.0	0.0	0.0	0.0	0.0	0.0	0.0	8.131516294e-19
717.0	0.0	0.0	0.0	0.0	0.0	0.0	0.0	0.0	0.0	8.131516294e-19
718.0	0.0	0.0	0.0	0.0	0.0	0.0	0.0	0.0	0.0	1.19262239e-18
719.0	0.0	0.0	0.0	0.0	0.0	0.0	0.0	0.0	0.0	1.626303259e-19
720.0	0.0	0.0	0.0	0.0	0.0	0.0	0.0	0.0	0.0	-2.710505431e-19
721.0	0.0	0.0	0.0	0.0	0.0	0.0	0.0	0.0	0.0	1.084202172e-19
722.0	0.0	0.0	0.0	0.0	0.0	0.0	0.0	0.0	0.0	-4.878909776e-19
723.0	0.0	0.0	0.0	0.0	0.0	0.0	0.0	0.0	0.0	-1.029992064e-18
724.0	0.0	0.0	0.0	0.0	0.0	0.0	0.0	0.0	0.0	-1.084202172e-19
725.0	0.0	0.0	0.0	0.0	0.0	0.0	0.0	0.0	0.0	-1.084202172e-19
726.0	0.0	0.0	0.0	0.0	0.0	0.0	0.0	0.0	0.0	5.421010862e-19
727.0	0.0	0.0	0.0	0.0	0.0	0.0	0.0	0.0	0.0	1.084202172e-19
728.0	0.0	0.0	0.0	0.0	0.0	0.0	0.0	0.0	0.0	-7.047314121e-19
729.0	0.0	0.0	0.0	0.0	0.0	0.0	0.0	0.0	0.0	5.421010862e-19
730.0	0.0	0.0	0.0	0.0	0.0	0.0	0.0	0.0	0.0	-3.794707604e-19
731.0	0.0	0.0	0.0	0.0	0.0	0.0	0.0	0.0	0.0	-2.710505431e-19
732.0	0.0	0.0	0.0	0.0	0.0	0.0	0.0	0.0	0.0	-2.168404345e-19
733.0	0.0	0.0	0.0	0.0	0.0	0.0	0.0	0.0	0.0	1.626303259e-19
734.0	0.0	0.0	0.0	0.0	0.0	0.0	0.0	0.0	0.0	5.4210108620000006e-20
735.0	0.0	0.0	0.0	0.0	0.0	0.0	0.0	0.0	0.0	5.4210108620000006e-20
736.0	0.0	0.0	0.0	0.0	0.0	0.0	0.0	0.0	0.0	-2.710505431e-19
737.0	0.0	0.0	0.0	0.0	0.0	0.0	0.0	0.0	0.0	-5.963111949e-19
738.0	0.0	0.0	0.0	0.0	0.0	0.0	0.0	0.0	0.0	-1.626303259e-19
739.0	0.0	0.0	0.0	0.0	0.0	0.0	0.0	0.0	0.0	2.710505431e-19
740.0	0.0	0.0	0.0	0.0	0.0	0.0	0.0	0.0	0.0	2.710505431e-19
741.0	0.0	0.0	0.0	0.0	0.0	0.0	0.0	0.0	0.0	3.252606517e-19
742.0	0.0	0.0	0.0	0.0	0.0	0.0	0.0	0.0	0.0	4.33680869e-19
743.0	0.0	0.0	0.0	0.0	0.0	0.0	0.0	0.0	0.0	4.878909776e-19
744.0	0.0	0.0	0.0	0.0	0.0	0.0	0.0	0.0	0.0	-4.878909776e-19
745.0	0.0	0.0	0.0	0.0	0.0	0.0	0.0	0.0	0.0	4.878909776e-19
746.0	0.0	0.0	0.0	0.0	0.0	0.0	0.0	0.0	0.0	8.131516294e-19
747.0	0.0	0.0	0.0	0.0	0.0	0.0	0.0	0.0	0.0	-6.505213035000001e-19
748.0	0.0	0.0	0.0	0.0	0.0	0.0	0.0	0.0	0.0	5.4210108620000006e-20
749.0	0.0	0.0	0.0	0.0	0.0	0.0	0.0	0.0	0.0	-7.589415207e-19
750.0	0.0	0.0	0.0	0.0	0.0	0.0	0.0	0.0	0.0	-5.963111949e-19
751.0	0.0	0.0	0.0	0.0	0.0	0.0	0.0	0.0	0.0	1.626303259e-19
752.0	0.0	0.0	0.0	0.0	0.0	0.0	0.0	0.0	0.0	2.168404345e-19
753.0	0.0	0.0	0.0	0.0	0.0	0.0	0.0	0.0	0.0	-0.0
754.0	0.0	0.0	0.0	0.0	0.0	0.0	0.0	0.0	0.0	-3.252606517e-19
755.0	0.0	0.0	0.0	0.0	0.0	0.0	0.0	0.0	0.0	3.794707604e-19
756.0	0.0	0.0	0.0	0.0	0.0	0.0	0.0	0.0	0.0	-3.252606517e-19
757.0	0.0	0.0	0.0	0.0	0.0	0.0	0.0	0.0	0.0	-5.4210108620000006e-20
758.0	0.0	0.0	0.0	0.0	0.0	0.0	0.0	0.0	0.0	-1.084202172e-18
759.0	0.0	0.0	0.0	0.0	0.0	0.0	0.0	0.0	0.0	-5.421010862e-19
760.0	0.0	0.0	0.0	0.0	0.0	0.0	0.0	0.0	0.0	-2.168404345e-19
761.0	0.0	0.0	0.0	0.0	0.0	0.0	0.0	0.0	0.0	3.252606517e-19
762.0	0.0	0.0	0.0	0.0	0.0	0.0	0.0	0.0	0.0	3.252606517e-19
763.0	0.0	0.0	0.0	0.0	0.0	0.0	0.0	0.0	0.0	-5.963111949e-19
764.0	0.0	0.0	0.0	0.0	0.0	0.0	0.0	0.0	0.0	1.029992064e-18
765.0	0.0	0.0	0.0	0.0	0.0	0.0	0.0	0.0	0.0	-5.421010862e-19
766.0	0.0	0.0	0.0	0.0	0.0	0.0	0.0	0.0	0.0	-1.084202172e-19
767.0	0.0	0.0	0.0	0.0	0.0	0.0	0.0	0.0	0.0	-0.0
768.0	0.0	0.0	0.0	0.0	0.0	0.0	0.0	0.0	0.0	4.878909776e-19
769.0	0.0	0.0	0.0	0.0	0.0	0.0	0.0	0.0	0.0	2.168404345e-19
770.0	0.0	0.0	0.0	0.0	0.0	0.0	0.0	0.0	0.0	-4.878909776e-19
771.0	0.0	0.0	0.0	0.0	0.0	0.0	0.0	0.0	0.0	-1.084202172e-19
772.0	0.0	0.0	0.0	0.0	0.0	0.0	0.0	0.0	0.0	5.4210108620000006e-20
773.0	0.0	0.0	0.0	0.0	0.0	0.0	0.0	0.0	0.0	-7.589415207e-19
774.0	0.0	0.0	0.0	0.0	0.0	0.0	0.0	0.0	0.0	-1.246832498e-18
775.0	0.0	0.0	0.0	0.0	0.0	0.0	0.0	0.0	0.0	1.355252716e-18
776.0	0.0	0.0	0.0	0.0	0.0	0.0	0.0	0.0	0.0	-1.084202172e-18
777.0	0.0	0.0	0.0	0.0	0.0	0.0	0.0	0.0	0.0	-3.252606517e-19
778.0	0.0	0.0	0.0	0.0	0.0	0.0	0.0	0.0	0.0	-2.168404345e-19
779.0	0.0	0.0	0.0	0.0	0.0	0.0	0.0	0.0	0.0	-7.589415207e-19
780.0	0.0	0.0	0.0	0.0	0.0	0.0	0.0	0.0	0.0	-4.878909776e-19
781.0	0.0	0.0	0.0	0.0	0.0	0.0	0.0	0.0	0.0	-1.084202172e-19
782.0	0.0	0.0	0.0	0.0	0.0	0.0	0.0	0.0	0.0	5.4210108620000006e-20
783.0	0.0	0.0	0.0	0.0	0.0	0.0	0.0	0.0	0.0	-2.168404345e-19
784.0	0.0	0.0	0.0	0.0	0.0	0.0	0.0	0.0	0.0	-5.4210108620000006e-20
785.0	0.0	0.0	0.0	0.0	0.0	0.0	0.0	0.0	0.0	-5.4210108620000006e-20
786.0	0.0	0.0	0.0	0.0	0.0	0.0	0.0	0.0	0.0	-2.168404345e-19
787.0	0.0	0.0	0.0	0.0	0.0	0.0	0.0	0.0	0.0	-0.0
788.0	0.0	0.0	0.0	0.0	0.0	0.0	0.0	0.0	0.0	-1.626303259e-19
789.0	0.0	0.0	0.0	0.0	0.0	0.0	0.0	0.0	0.0	-3.252606517e-19
790.0	0.0	0.0	0.0	0.0	0.0	0.0	0.0	0.0	0.0	4.33680869e-19
791.0	0.0	0.0	0.0	0.0	0.0	0.0	0.0	0.0	0.0	4.878909776e-19
792.0	0.0	0.0	0.0	0.0	0.0	0.0	0.0	0.0	0.0	1.626303259e-19
793.0	0.0	0.0	0.0	0.0	0.0	0.0	0.0	0.0	0.0	2.710505431e-19
794.0	0.0	0.0	0.0	0.0	0.0	0.0	0.0	0.0	0.0	-5.4210108620000006e-20
795.0	0.0	0.0	0.0	0.0	0.0	0.0	0.0	0.0	0.0	3.252606517e-19
796.0	0.0	0.0	0.0	0.0	0.0	0.0	0.0	0.0	0.0	-0.0
797.0	0.0	0.0	0.0	0.0	0.0	0.0	0.0	0.0	0.0	2.168404345e-19
798.0	0.0	0.0	0.0	0.0	0.0	0.0	0.0	0.0	0.0	-1.084202172e-19
799.0	0.0	0.0	0.0	0.0	0.0	0.0	0.0	0.0	0.0	1.626303259e-19
800.0	0.0	0.0	0.0	0.0	0.0	0.0	0.0	0.0	0.0	1.626303259e-19
801.0	0.0	0.0	0.0	0.0	0.0	0.0	0.0	0.0	0.0	-5.421010862e-19
802.0	0.0	0.0	0.0	0.0	0.0	0.0	0.0	0.0	0.0	-1.084202172e-19
803.0	0.0	0.0	0.0	0.0	0.0	0.0	0.0	0.0	0.0	-1.084202172e-19
804.0	0.0	0.0	0.0	0.0	0.0	0.0	0.0	0.0	0.0	1.084202172e-19
805.0	0.0	0.0	0.0	0.0	0.0	0.0	0.0	0.0	0.0	2.168404345e-19
806.0	0.0	0.0	0.0	0.0	0.0	0.0	0.0	0.0	0.0	-4.33680869e-19
807.0	0.0	0.0	0.0	0.0	0.0	0.0	0.0	0.0	0.0	-2.168404345e-19
808.0	0.0	0.0	0.0	0.0	0.0	0.0	0.0	0.0	0.0	-6.505213035000001e-19
809.0	0.0	0.0	0.0	0.0	0.0	0.0	0.0	0.0	0.0	3.252606517e-19
810.0	0.0	0.0	0.0	0.0	0.0	0.0	0.0	0.0	0.0	-4.33680869e-19
811.0	0.0	0.0	0.0	0.0	0.0	0.0	0.0	0.0	0.0	-1.084202172e-19
812.0	0.0	0.0	0.0	0.0	0.0	0.0	0.0	0.0	0.0	-5.421010862e-19
813.0	0.0	0.0	0.0	0.0	0.0	0.0	0.0	0.0	0.0	1.084202172e-19
814.0	0.0	0.0	0.0	0.0	0.0	0.0	0.0	0.0	0.0	3.252606517e-19
815.0	0.0	0.0	0.0	0.0	0.0	0.0	0.0	0.0	0.0	-1.626303259e-19
816.0	0.0	0.0	0.0	0.0	0.0	0.0	0.0	0.0	0.0	5.4210108620000006e-20
817.0	0.0	0.0	0.0	0.0	0.0	0.0	0.0	0.0	0.0	-2.710505431e-19
818.0	0.0	0.0	0.0	0.0	0.0	0.0	0.0	0.0	0.0	-1.084202172e-19
819.0	0.0	0.0	0.0	0.0	0.0	0.0	0.0	0.0	0.0	1.084202172e-19
820.0	0.0	0.0	0.0	0.0	0.0	0.0	0.0	0.0	0.0	1.084202172e-19
821.0	0.0	0.0	0.0	0.0	0.0	0.0	0.0	0.0	0.0	2.168404345e-19
822.0	0.0	0.0	0.0	0.0	0.0	0.0	0.0	0.0	0.0	-2.168404345e-19
823.0	0.0	0.0	0.0	0.0	0.0	0.0	0.0	0.0	0.0	2.168404345e-19
824.0	0.0	0.0	0.0	0.0	0.0	0.0	0.0	0.0	0.0	1.626303259e-19
825.0	0.0	0.0	0.0	0.0	0.0	0.0	0.0	0.0	0.0	-3.252606517e-19
826.0	0.0	0.0	0.0	0.0	0.0	0.0	0.0	0.0	0.0	4.878909776e-19
827.0	0.0	0.0	0.0	0.0	0.0	0.0	0.0	0.0	0.0	5.421010862e-19
828.0	0.0	0.0	0.0	0.0	0.0	0.0	0.0	0.0	0.0	-4.878909776e-19
829.0	0.0	0.0	0.0	0.0	0.0	0.0	0.0	0.0	0.0	-5.4210108620000006e-20
830.0	0.0	0.0	0.0	0.0	0.0	0.0	0.0	0.0	0.0	5.963111949e-19
831.0	0.0	0.0	0.0	0.0	0.0	0.0	0.0	0.0	0.0	5.421010862e-19
832.0	0.0	0.0	0.0	0.0	0.0	0.0	0.0	0.0	0.0	1.626303259e-19
833.0	0.0	0.0	0.0	0.0	0.0	0.0	0.0	0.0	0.0	5.421010862e-19
834.0	0.0	0.0	0.0	0.0	0.0	0.0	0.0	0.0	0.0	4.33680869e-19
835.0	0.0	0.0	0.0	0.0	0.0	0.0	0.0	0.0	0.0	-2.168404345e-19
836.0	0.0	0.0	0.0	0.0	0.0	0.0	0.0	0.0	0.0	-2.710505431e-19
837.0	0.0	0.0	0.0	0.0	0.0	0.0	0.0	0.0	0.0	-0.0
838.0	0.0	0.0	0.0	0.0	0.0	0.0	0.0	0.0	0.0	1.084202172e-19
839.0	0.0	0.0	0.0	0.0	0.0	0.0	0.0	0.0	0.0	5.421010862e-19
840.0	0.0	0.0	0.0	0.0	0.0	0.0	0.0	0.0	0.0	-2.710505431e-19
841.0	0.0	0.0	0.0	0.0	0.0	0.0	0.0	0.0	0.0	5.963111949e-19
842.0	0.0	0.0	0.0	0.0	0.0	0.0	0.0	0.0	0.0	-7.047314121e-19
843.0	0.0	0.0	0.0	0.0	0.0	0.0	0.0	0.0	0.0	-7.589415207e-19
844.0	0.0	0.0	0.0	0.0	0.0	0.0	0.0	0.0	0.0	5.963111949e-19
845.0	0.0	0.0	0.0	0.0	0.0	0.0	0.0	0.0	0.0	-0.0
846.0	0.0	0.0	0.0	0.0	0.0	0.0	0.0	0.0	0.0	-3.794707604e-19
847.0	0.0	0.0	0.0	0.0	0.0	0.0	0.0	0.0	0.0	-3.252606517e-19
848.0	0.0	0.0	0.0	0.0	0.0	0.0	0.0	0.0	0.0	1.084202172e-19
849.0	0.0	0.0	0.0	0.0	0.0	0.0	0.0	0.0	0.0	-3.794707604e-19
850.0	0.0	0.0	0.0	0.0	0.0	0.0	0.0	0.0	0.0	-1.084202172e-19
851.0	0.0	0.0	0.0	0.0	0.0	0.0	0.0	0.0	0.0	5.4210108620000006e-20
852.0	0.0	0.0	0.0	0.0	0.0	0.0	0.0	0.0	0.0	6.505213035000001e-19
853.0	0.0	0.0	0.0	0.0	0.0	0.0	0.0	0.0	0.0	-2.710505431e-19
854.0	0.0	0.0	0.0	0.0	0.0	0.0	0.0	0.0	0.0	6.505213035000001e-19
855.0	0.0	0.0	0.0	0.0	0.0	0.0	0.0	0.0	0.0	-1.626303259e-19
856.0	0.0	0.0	0.0	0.0	0.0	0.0	0.0	0.0	0.0	4.878909776e-19
857.0	0.0	0.0	0.0	0.0	0.0	0.0	0.0	0.0	0.0	3.794707604e-19
858.0	0.0	0.0	0.0	0.0	0.0	0.0	0.0	0.0	0.0	5.421010862e-19
859.0	0.0	0.0	0.0	0.0	0.0	0.0	0.0	0.0	0.0	-4.33680869e-19
860.0	0.0	0.0	0.0	0.0	0.0	0.0	0.0	0.0	0.0	4.33680869e-19
861.0	0.0	0.0	0.0	0.0	0.0	0.0	0.0	0.0	0.0	-1.084202172e-19
862.0	0.0	0.0	0.0	0.0	0.0	0.0	0.0	0.0	0.0	3.252606517e-19
863.0	0.0	0.0	0.0	0.0	0.0	0.0	0.0	0.0	0.0	1.084202172e-19
864.0	0.0	0.0	0.0	0.0	0.0	0.0	0.0	0.0	0.0	3.794707604e-19
865.0	0.0	0.0	0.0	0.0	0.0	0.0	0.0	0.0	0.0	7.589415207e-19
866.0	0.0	0.0	0.0	0.0	0.0	0.0	0.0	0.0	0.0	-1.084202172e-19
867.0	0.0	0.0	0.0	0.0	0.0	0.0	0.0	0.0	0.0	-3.252606517e-19
868.0	0.0	0.0	0.0	0.0	0.0	0.0	0.0	0.0	0.0	-5.4210108620000006e-20
869.0	0.0	0.0	0.0	0.0	0.0	0.0	0.0	0.0	0.0	-5.4210108620000006e-20
870.0	0.0	0.0	0.0	0.0	0.0	0.0	0.0	0.0	0.0	1.626303259e-19
871.0	0.0	0.0	0.0	0.0	0.0	0.0	0.0	0.0	0.0	1.626303259e-19
872.0	0.0	0.0	0.0	0.0	0.0	0.0	0.0	0.0	0.0	-4.878909776e-19
873.0	0.0	0.0	0.0	0.0	0.0	0.0	0.0	0.0	0.0	2.168404345e-19
874.0	0.0	0.0	0.0	0.0	0.0	0.0	0.0	0.0	0.0	4.33680869e-19
875.0	0.0	0.0	0.0	0.0	0.0	0.0	0.0	0.0	0.0	-0.0
876.0	0.0	0.0	0.0	0.0	0.0	0.0	0.0	0.0	0.0	4.33680869e-19
877.0	0.0	0.0	0.0	0.0	0.0	0.0	0.0	0.0	0.0	4.33680869e-19
878.0	0.0	0.0	0.0	0.0	0.0	0.0	0.0	0.0	0.0	2.168404345e-19
879.0	0.0	0.0	0.0	0.0	0.0	0.0	0.0	0.0	0.0	-1.626303259e-19
880.0	0.0	0.0	0.0	0.0	0.0	0.0	0.0	0.0	0.0	5.4210108620000006e-20
881.0	0.0	0.0	0.0	0.0	0.0	0.0	0.0	0.0	0.0	-4.33680869e-19
882.0	0.0	0.0	0.0	0.0	0.0	0.0	0.0	0.0	0.0	-9.215718466e-19
883.0	0.0	0.0	0.0	0.0	0.0	0.0	0.0	0.0	0.0	-6.505213035000001e-19
884.0	0.0	0.0	0.0	0.0	0.0	0.0	0.0	0.0	0.0	-2.168404345e-19
885.0	0.0	0.0	0.0	0.0	0.0	0.0	0.0	0.0	0.0	-3.252606517e-19
886.0	0.0	0.0	0.0	0.0	0.0	0.0	0.0	0.0	0.0	-4.878909776e-19
887.0	0.0	0.0	0.0	0.0	0.0	0.0	0.0	0.0	0.0	-1.084202172e-19
888.0	0.0	0.0	0.0	0.0	0.0	0.0	0.0	0.0	0.0	5.4210108620000006e-20
889.0	0.0	0.0	0.0	0.0	0.0	0.0	0.0	0.0	0.0	5.4210108620000006e-20
890.0	0.0	0.0	0.0	0.0	0.0	0.0	0.0	0.0	0.0	-4.878909776e-19
891.0	0.0	0.0	0.0	0.0	0.0	0.0	0.0	0.0	0.0	-5.963111949e-19
892.0	0.0	0.0	0.0	0.0	0.0	0.0	0.0	0.0	0.0	1.626303259e-19
893.0	0.0	0.0	0.0	0.0	0.0	0.0	0.0	0.0	0.0	-1.084202172e-19
894.0	0.0	0.0	0.0	0.0	0.0	0.0	0.0	0.0	0.0	2.168404345e-19
895.0	0.0	0.0	0.0	0.0	0.0	0.0	0.0	0.0	0.0	1.626303259e-19
896.0	0.0	0.0	0.0	0.0	0.0	0.0	0.0	0.0	0.0	5.4210108620000006e-20
897.0	0.0	0.0	0.0	0.0	0.0	0.0	0.0	0.0	0.0	-5.421010862e-19
898.0	0.0	0.0	0.0	0.0	0.0	0.0	0.0	0.0	0.0	3.252606517e-19
899.0	0.0	0.0	0.0	0.0	0.0	0.0	0.0	0.0	0.0	-1.626303259e-19
900.0	0.0	0.0	0.0	0.0	0.0	0.0	0.0	0.0	0.0	-4.878909776e-19
901.0	0.0	0.0	0.0	0.0	0.0	0.0	0.0	0.0	0.0	5.4210108620000006e-20
902.0	0.0	0.0	0.0	0.0	0.0	0.0	0.0	0.0	0.0	2.168404345e-19
903.0	0.0	0.0	0.0	0.0	0.0	0.0	0.0	0.0	0.0	1.626303259e-19
904.0	0.0	0.0	0.0	0.0	0.0	0.0	0.0	0.0	0.0	4.878909776e-19
905.0	0.0	0.0	0.0	0.0	0.0	0.0	0.0	0.0	0.0	-1.084202172e-19
906.0	0.0	0.0	0.0	0.0	0.0	0.0	0.0	0.0	0.0	1.626303259e-19
907.0	0.0	0.0	0.0	0.0	0.0	0.0	0.0	0.0	0.0	5.963111949e-19
908.0	0.0	0.0	0.0	0.0	0.0	0.0	0.0	0.0	0.0	-4.878909776e-19
909.0	0.0	0.0	0.0	0.0	0.0	0.0	0.0	0.0	0.0	-1.084202172e-19
910.0	0.0	0.0	0.0	0.0	0.0	0.0	0.0	0.0	0.0	5.4210108620000006e-20
911.0	0.0	0.0	0.0	0.0	0.0	0.0	0.0	0.0	0.0	-0.0
912.0	0.0	0.0	0.0	0.0	0.0	0.0	0.0	0.0	0.0	-5.421010862e-19
913.0	0.0	0.0	0.0	0.0	0.0	0.0	0.0	0.0	0.0	-1.626303259e-19
914.0	0.0	0.0	0.0	0.0	0.0	0.0	0.0	0.0	0.0	2.168404345e-19
915.0	0.0	0.0	0.0	0.0	0.0	0.0	0.0	0.0	0.0	3.252606517e-19
916.0	0.0	0.0	0.0	0.0	0.0	0.0	0.0	0.0	0.0	4.33680869e-19
917.0	0.0	0.0	0.0	0.0	0.0	0.0	0.0	0.0	0.0	-1.084202172e-19
918.0	0.0	0.0	0.0	0.0	0.0	0.0	0.0	0.0	0.0	-5.963111949e-19
919.0	0.0	0.0	0.0	0.0	0.0	0.0	0.0	0.0	0.0	7.047314121e-19
920.0	0.0	0.0	0.0	0.0	0.0	0.0	0.0	0.0	0.0	3.794707604e-19
921.0	0.0	0.0	0.0	0.0	0.0	0.0	0.0	0.0	0.0	-1.626303259e-19
922.0	0.0	0.0	0.0	0.0	0.0	0.0	0.0	0.0	0.0	5.4210108620000006e-20
923.0	0.0	0.0	0.0	0.0	0.0	0.0	0.0	0.0	0.0	-2.168404345e-19
924.0	0.0	0.0	0.0	0.0	0.0	0.0	0.0	0.0	0.0	1.626303259e-19
925.0	0.0	0.0	0.0	0.0	0.0	0.0	0.0	0.0	0.0	-3.252606517e-19
926.0	0.0	0.0	0.0	0.0	0.0	0.0	0.0	0.0	0.0	5.4210108620000006e-20
927.0	0.0	0.0	0.0	0.0	0.0	0.0	0.0	0.0	0.0	2.710505431e-19
928.0	0.0	0.0	0.0	0.0	0.0	0.0	0.0	0.0	0.0	2.710505431e-19
929.0	0.0	0.0	0.0	0.0	0.0	0.0	0.0	0.0	0.0	-2.168404345e-19
930.0	0.0	0.0	0.0	0.0	0.0	0.0	0.0	0.0	0.0	1.626303259e-19
931.0	0.0	0.0	0.0	0.0	0.0	0.0	0.0	0.0	0.0	4.33680869e-19
932.0	0.0	0.0	0.0	0.0	0.0	0.0	0.0	0.0	0.0	3.252606517e-19
933.0	0.0	0.0	0.0	0.0	0.0	0.0	0.0	0.0	0.0	-2.710505431e-19
934.0	0.0	0.0	0.0	0.0	0.0	0.0	0.0	0.0	0.0	-1.626303259e-19
935.0	0.0	0.0	0.0	0.0	0.0	0.0	0.0	0.0	0.0	-1.084202172e-19
936.0	0.0	0.0	0.0	0.0	0.0	0.0	0.0	0.0	0.0	2.710505431e-19
937.0	0.0	0.0	0.0	0.0	0.0	0.0	0.0	0.0	0.0	1.626303259e-19
938.0	0.0	0.0	0.0	0.0	0.0	0.0	0.0	0.0	0.0	2.168404345e-19
939.0	0.0	0.0	0.0	0.0	0.0	0.0	0.0	0.0	0.0	5.4210108620000006e-20
940.0	0.0	0.0	0.0	0.0	0.0	0.0	0.0	0.0	0.0	5.4210108620000006e-20
941.0	0.0	0.0	0.0	0.0	0.0	0.0	0.0	0.0	0.0	5.4210108620000006e-20
942.0	0.0	0.0	0.0	0.0	0.0	0.0	0.0	0.0	0.0	-7.589415207e-19
943.0	0.0	0.0	0.0	0.0	0.0	0.0	0.0	0.0	0.0	-2.168404345e-19
944.0	0.0	0.0	0.0	0.0	0.0	0.0	0.0	0.0	0.0	1.084202172e-19
945.0	0.0	0.0	0.0	0.0	0.0	0.0	0.0	0.0	0.0	-1.626303259e-19
946.0	0.0	0.0	0.0	0.0	0.0	0.0	0.0	0.0	0.0	-1.626303259e-19
947.0	0.0	0.0	0.0	0.0	0.0	0.0	0.0	0.0	0.0	1.626303259e-19
948.0	0.0	0.0	0.0	0.0	0.0	0.0	0.0	0.0	0.0	-1.084202172e-19
949.0	0.0	0.0	0.0	0.0	0.0	0.0	0.0	0.0	0.0	-4.33680869e-19
950.0	0.0	0.0	0.0	0.0	0.0	0.0	0.0	0.0	0.0	-3.252606517e-19
951.0	0.0	0.0	0.0	0.0	0.0	0.0	0.0	0.0	0.0	-5.421010862e-19
952.0	0.0	0.0	0.0	0.0	0.0	0.0	0.0	0.0	0.0	-5.4210108620000006e-20
953.0	0.0	0.0	0.0	0.0	0.0	0.0	0.0	0.0	0.0	2.710505431e-19
954.0	0.0	0.0	0.0	0.0	0.0	0.0	0.0	0.0	0.0	-1.626303259e-19
955.0	0.0	0.0	0.0	0.0	0.0	0.0	0.0	0.0	0.0	-0.0
956.0	0.0	0.0	0.0	0.0	0.0	0.0	0.0	0.0	0.0	-1.626303259e-19
957.0	0.0	0.0	0.0	0.0	0.0	0.0	0.0	0.0	0.0	-7.047314121e-19
958.0	0.0	0.0	0.0	0.0	0.0	0.0	0.0	0.0	0.0	-4.33680869e-19
959.0	0.0	0.0	0.0	0.0	0.0	0.0	0.0	0.0	0.0	8.67361738e-19
960.0	0.0	0.0	0.0	0.0	0.0	0.0	0.0	0.0	0.0	-1.626303259e-19
961.0	0.0	0.0	0.0	0.0	0.0	0.0	0.0	0.0	0.0	-3.794707604e-19
962.0	0.0	0.0	0.0	0.0	0.0	0.0	0.0	0.0	0.0	5.4210108620000006e-20
963.0	0.0	0.0	0.0	0.0	0.0	0.0	0.0	0.0	0.0	1.084202172e-19
964.0	0.0	0.0	0.0	0.0	0.0	0.0	0.0	0.0	0.0	-0.0
965.0	0.0	0.0	0.0	0.0	0.0	0.0	0.0	0.0	0.0	-5.4210108620000006e-20
966.0	0.0	0.0	0.0	0.0	0.0	0.0	0.0	0.0	0.0	7.589415207e-19
967.0	0.0	0.0	0.0	0.0	0.0	0.0	0.0	0.0	0.0	1.626303259e-19
968.0	0.0	0.0	0.0	0.0	0.0	0.0	0.0	0.0	0.0	-5.4210108620000006e-20
969.0	0.0	0.0	0.0	0.0	0.0	0.0	0.0	0.0	0.0	-0.0
970.0	0.0	0.0	0.0	0.0	0.0	0.0	0.0	0.0	0.0	1.084202172e-19
971.0	0.0	0.0	0.0	0.0	0.0	0.0	0.0	0.0	0.0	1.626303259e-19
972.0	0.0	0.0	0.0	0.0	0.0	0.0	0.0	0.0	0.0	-1.897353802e-19
973.0	0.0	0.0	0.0	0.0	0.0	0.0	0.0	0.0	0.0	5.4210108620000006e-20
974.0	0.0	0.0	0.0	0.0	0.0	0.0	0.0	0.0	0.0	3.5236570610000003e-19
975.0	0.0	0.0	0.0	0.0	0.0	0.0	0.0	0.0	0.0	-5.4210108620000006e-20
976.0	0.0	0.0	0.0	0.0	0.0	0.0	0.0	0.0	0.0	-1.3552527160000002e-19
977.0	0.0	0.0	0.0	0.0	0.0	0.0	0.0	0.0	0.0	-2.9815559740000003e-19
978.0	0.0	0.0	0.0	0.0	0.0	0.0	0.0	0.0	0.0	4.065758147e-19
979.0	0.0	0.0	0.0	0.0	0.0	0.0	0.0	0.0	0.0	-4.878909776e-19
980.0	0.0	0.0	0.0	0.0	0.0	0.0	0.0	0.0	0.0	-5.963111949e-19
981.0	0.0	0.0	0.0	0.0	0.0	0.0	0.0	0.0	0.0	2.7105054310000003e-20
982.0	0.0	0.0	0.0	0.0	0.0	0.0	0.0	0.0	0.0	8.131516294000001e-20
983.0	0.0	0.0	0.0	0.0	0.0	0.0	0.0	0.0	0.0	-3.252606517e-19
984.0	0.0	0.0	0.0	0.0	0.0	0.0	0.0	0.0	0.0	-8.131516294000001e-20
985.0	0.0	0.0	0.0	0.0	0.0	0.0	0.0	0.0	0.0	1.897353802e-19
986.0	0.0	0.0	0.0	0.0	0.0	0.0	0.0	0.0	0.0	-2.439454888e-19
987.0	0.0	0.0	0.0	0.0	0.0	0.0	0.0	0.0	0.0	4.607859233e-19
988.0	0.0	0.0	0.0	0.0	0.0	0.0	0.0	0.0	0.0	-2.168404345e-19
989.0	0.0	0.0	0.0	0.0	0.0	0.0	0.0	0.0	0.0	1.3552527160000002e-19
990.0	0.0	0.0	0.0	0.0	0.0	0.0	0.0	0.0	0.0	-8.131516294000001e-20
991.0	0.0	0.0	0.0	0.0	0.0	0.0	0.0	0.0	0.0	-2.7105054310000003e-20
992.0	0.0	0.0	0.0	0.0	0.0	0.0	0.0	0.0	0.0	2.7105054310000003e-20
993.0	0.0	0.0	0.0	0.0	0.0	0.0	0.0	0.0	0.0	-8.131516294000001e-20
994.0	0.0	0.0	0.0	0.0	0.0	0.0	0.0	0.0	0.0	-1.897353802e-19
995.0	0.0	0.0	0.0	0.0	0.0	0.0	0.0	0.0	0.0	5.4210108620000006e-20
996.0	0.0	0.0	0.0	0.0	0.0	0.0	0.0	0.0	0.0	8.131516294e-19
997.0	0.0	0.0	0.0	0.0	0.0	0.0	0.0	0.0	0.0	1.897353802e-19
998.0	0.0	0.0	0.0	0.0	0.0	0.0	0.0	0.0	0.0	-8.131516294000001e-20
999.0	0.0	0.0	0.0	0.0	0.0	0.0	0.0	0.0	0.0	9.486769009e-19
1000.0	0.0	0.0	0.0	0.0	0.0	0.0	0.0	0.0	0.0	-0.0
