# (1)t (2)P_1 (3)P_2 (4)trace (5)purity (6)vonNeumann_entropy 
0.0	1.0	0.0	1.0	1.0	NaN
0.25	0.9387912809	0.06120871905	1.0	0.9863405997	0.04109778703
0.5	0.7841769504	0.2158230496	1.0	0.9308490486	0.1545610649
0.75	0.5877452051	0.4122547949	1.0	0.8528834962	0.2786479772
1.0	0.3943195349	0.6056804651	1.0	0.802186351	0.3492100391
1.25	0.2425198005	0.7574795032	0.9999993036	0.7948179798	0.3590020595
1.5	0.1580221205	0.8419763468	0.9999984674	0.817267751	0.3288245349
1.75	0.1500656119	0.8499322106	0.9999978225	0.8414152438	0.2951431109
2.0	0.2116075237	0.7883897524	0.9999972761	0.8469741275	0.287188151
2.25	0.3226373017	0.6773593766	0.9999966783	0.8335847472	0.3062135257
2.5	0.4556409102	0.5443549808	0.9999958909	0.8162045813	0.3302730042
2.75	0.5819752366	0.4180197676	0.9999950042	0.8111043287	0.3372061773
3.0	0.6776502565	0.3223437378	0.9999939943	0.8231750959	0.3207020195
3.25	0.7274685049	0.2725243555	0.9999928604	0.8447468239	0.2903771778
3.5	0.726975152	0.273016458	0.99999161	0.8634327885	0.2631363056
3.75	0.6820855159	0.3179047368	0.9999902527	0.8716268916	0.2508678533
4.0	0.6067258688	0.39326293	0.9999887989	0.8706461139	0.2523443406
4.25	0.5191789731	0.4808082857	0.9999872588	0.8677695524	0.2566623958
4.5	0.4379995592	0.5619860829	0.9999856421	0.8697837574	0.2536365274
4.75	0.37834919	0.6216347673	0.9999839573	0.8783043483	0.2407012562
5.0	0.3494196317	0.6505625803	0.999982212	0.8897537624	0.2229268863
5.25	0.3533232884	0.6466571247	0.9999804131	0.898990801	0.2082248602
5.5	0.3854982805	0.6144802862	0.9999785667	0.9032519753	0.2013219412
5.75	0.4363737269	0.5636029513	0.9999766782	0.9035764095	0.2007893956
6.0	0.4938233794	0.506151373	0.9999747524	0.9032635863	0.2012948613
6.25	0.5458359279	0.4541368657	0.9999727936	0.9050880944	0.1983123439
6.5	0.5828539722	0.4171168335	0.9999708056	0.9094899503	0.1910602867
6.75	0.5993619224	0.4006068694	0.9999687918	0.9147932861	0.1822015247
7.0	0.5944987191	0.405468036	0.999966755	0.9188577622	0.1753151936
7.25	0.5716881594	0.4282765385	0.999964698	0.9206945752	0.1721718302
7.5	0.5374728408	0.4624897822	0.999962623	0.9209237864	0.1717740499
7.75	0.4998721812	0.5000883509	0.9999605321	0.92100532	0.1716293276
8.0	0.4666411196	0.5333173076	0.9999584272	0.9220488585	0.1698312471
8.25	0.4437819942	0.5561743156	0.9999563098	0.9241270832	0.1662369489
8.5	0.4345717491	0.5653824323	0.9999541814	0.9264630932	0.1621676795
8.75	0.4392353804	0.5607166628	0.9999520432	0.9281703841	0.1591717154
9.0	0.4552548345	0.5446950619	0.9999498964	0.9289072496	0.1578702004
9.25	0.4781793751	0.5217683669	0.9999477419	0.9290064256	0.1576902329
9.5	0.5027207217	0.497224859	0.9999455807	0.9291036851	0.1575135609
9.75	0.5238855575	0.476057856	0.9999434135	0.9296345141	0.1565716755
10.0	0.5379192955	0.4620219454	0.9999412409	0.9305798575	0.1548939976
10.25	0.5428981082	0.4570409555	0.9999390637	0.9315846231	0.1531049363
10.5	0.5388939556	0.4610429267	0.9999368823	0.9322848518	0.1518526193
10.75	0.5277296782	0.472205019	0.9999346973	0.9325692197	0.1513399026
11.0	0.5124195245	0.4875129845	0.9999325089	0.9326062622	0.1512683513
11.25	0.4964410601	0.5034892576	0.9999303177	0.9326693786	0.1511502256
11.5	0.4830005464	0.5169275775	0.999928124	0.9329261782	0.1506860114
11.75	0.4744364106	0.5254895174	0.999925928	0.9333473743	0.1499271406
12.0	0.4718616592	0.5280620707	0.99992373	0.933772962	0.149159192
12.25	0.4750876313	0.5248338989	0.9999215302	0.9340551326	0.1486474954
12.5	0.4828114844	0.5171078444	0.9999193288	0.9341612363	0.1484515012
12.75	0.4930001966	0.5069169295	0.9999171261	0.9341734877	0.1484239863
13.0	0.503373155	0.4965417672	0.9999149221	0.9342081467	0.1483562239
13.25	0.5118774194	0.4880352977	0.9999127171	0.934328297	0.1481348573
13.5	0.5170634355	0.4828470756	0.9999105111	0.9345126679	0.1477979209
13.75	0.518299129	0.4816091753	0.9999083043	0.9346901191	0.1474731923
14.0	0.5157991478	0.4841069488	0.9999060967	0.9348013683	0.1472674255
14.25	0.5104849013	0.4894189871	0.9999038884	0.9348388471	0.1471944027
14.5	0.5037223757	0.4961793038	0.9999016795	0.9348415796	0.1471839303
14.75	0.4970032071	0.5028962631	0.9998994702	0.9348584798	0.1471479463
15.0	0.4916380311	0.5082592293	0.9998972603	0.9349126423	0.1470448523
15.25	0.488520744	0.5113743061	0.9998950501	0.9349914051	0.1468974162
15.5	0.4880016408	0.5118911987	0.9998928395	0.9350635295	0.1467618951
15.75	0.4898816821	0.5100089465	0.9998906286	0.9351055745	0.1466805523
16.0	0.4935150046	0.5063734128	0.9998884174	0.9351170143	0.1466543642
16.25	0.4979870816	0.5018991244	0.9998862059	0.9351159805	0.1466506587
16.5	0.5023248924	0.4975591018	0.9998839943	0.9351228361	0.146632731
16.75	0.505694242	0.4941875405	0.9998817824	0.9351457304	0.1465858878
17.0	0.5075470717	0.4923324987	0.9998795704	0.935177815	0.1465224682
17.25	0.5076956984	0.4921816599	0.9998773582	0.935205532	0.1464669154
17.5	0.5063078917	0.4935672542	0.9998751459	0.9352197636	0.1464356756
17.75	0.5038329102	0.4960400233	0.9998729335	0.9352214233	0.1464271068
18.0	0.5008809647	0.4989897563	0.999870721	0.9352187888	0.146426282
18.25	0.4980851022	0.5017834062	0.9998685084	0.9352202457	0.1464180781
18.5	0.4959745899	0.5038917058	0.9998662957	0.9352285209	0.1463975763
18.75	0.4948832675	0.5049808154	0.9998640829	0.9352401181	0.1463710812
19.0	0.4949067699	0.5049551002	0.9998618701	0.9352492179	0.146349089
19.25	0.4959113469	0.5039483103	0.9998596572	0.9352523429	0.1463378735
19.5	0.4975865855	0.5022708587	0.9998574443	0.9352503566	0.1463358777
19.75	0.4995266315	0.5003285998	0.9998552313	0.9352469817	0.1463363867
20.0	0.5013207088	0.4985323095	0.9998530183	0.9352456323	0.1463332417
20.25	0.5026341342	0.4972166711	0.9998508053	0.9352471458	0.1463249321
20.5	0.5032650609	0.4965835313	0.9998485922	0.9352498056	0.1463145542
20.75	0.5031686446	0.4966777345	0.9998463791	0.935251141	0.1463065652
21.0	0.5024476687	0.4973964973	0.999844166	0.9352498573	0.1463033009
21.25	0.5013153417	0.4985266112	0.9998419529	0.9352465184	0.1463037444
21.5	0.5000407724	0.4997989674	0.9998397397	0.9352427764	0.1463049151
21.75	0.4988898032	0.5009477234	0.9998375266	0.9352400042	0.1463043361
22.0	0.4980733261	0.5017619874	0.9998353134	0.9352384189	0.1463016159
22.25	0.4977123368	0.5021207634	0.9998331003	0.9352372017	0.1462982313
22.5	0.4978246364	0.5020062506	0.9998308871	0.935235315	0.1462960546
22.75	0.4983332792	0.5014953947	0.9998286739	0.9352322917	0.1462959286
23.0	0.4990925996	0.5007338611	0.9998264607	0.9352284519	0.1462972756
23.25	0.4999246861	0.4998995614	0.9998242475	0.9352245199	0.1462987888
23.5	0.5006579527	0.4991640816	0.9998220343	0.9352210406	0.1462994855
23.75	0.5011600101	0.498659811	0.9998198211	0.9352180468	0.1462993061
24.0	0.5013590595	0.4984585485	0.9998176079	0.9352151569	0.1462989394
24.25	0.5012509459	0.4985644488	0.9998153947	0.9352119396	0.1462991632
24.5	0.5008921492	0.4989210324	0.9998131816	0.9352082337	0.1463002686
24.75	0.5003817103	0.4994292581	0.9998109684	0.9352042079	0.1463019514
25.0	0.4998369132	0.499971842	0.9998087552	0.9352001761	0.1463036448
